
Mã	
Mua	Bán	
Khối lượng giao dịch ròng	
Giá trị giao dịch ròng	
Room còn lại	
Đang sở hữu	
Khối lượng	
Giá trị	
Khối lượng	
Giá trị	
KDH	1,163,600 	43,617,880,000 	31,000 	1,160,400,000 	1,132,600 	42,457,480,000 	105,443,188 	30.78% 
OCB	1,044,300 	27,874,785,000 	10,100 	268,545,000 	1,034,200 	27,606,240,000 	14,389,139 	20.69% 
HDB	847,900 	27,383,745,000 	38,300 	1,237,885,000 	809,600 	26,145,860,000 	67,459,852 	17.31% 
MBB	1,253,500 	43,629,145,000 	452,700 	15,781,935,000 	800,800 	27,847,210,000 	11,769,396 	22.81% 
VHM	914,100 	94,006,770,000 	161,800 	16,706,920,000 	752,300 	77,299,850,000 	883,830,496 	22.61% 
HQC	568,300 	2,048,957,000 	37,500 	138,750,000 	530,800 	1,910,207,000 	226,479,749 	1.48% 
PVT	593,600 	9,732,315,000 	120,500 	1,975,575,000 	473,100 	7,756,740,000 	116,484,527 	13.01% 
NLG	981,200 	36,400,905,000 	540,900 	20,083,605,000 	440,300 	16,317,300,000 	12,731,356 	44.54% 
ROS	495,600 	3,424,593,000 	101,900 	696,385,000 	393,700 	2,728,208,000 	268,013,845 	1.78% 
KBC	1,075,600 	34,402,125,000 	715,200 	22,852,870,000 	360,400 	11,549,255,000 	138,481,333 	19.89% 
MSN	797,600 	89,612,100,000 	500,000 	56,279,250,000 	297,600 	33,332,850,000 	190,872,550 	83.75% 
PDR	401,000 	29,299,680,000 	107,000 	7,874,000,000 	294,000 	21,425,680,000 	201,555,527 	7.59% 
HAX	286,100 	9,042,370,000 	37,000 	1,166,025,000 	249,100 	7,876,345,000 	12,380,094 	15.31% 
FUEVFVND	420,000 	10,041,356,000 	226,900 	5,417,000,000 	193,100 	4,624,356,000 	790,685 	 
DLG	195,900 	579,483,000 	4,000 	11,960,000 	191,900 	567,523,000 	138,224,783 	2.82% 
BCG	198,700 	2,454,390,000 	10,200 	125,070,000 	188,500 	2,329,320,000 	56,943,459 	14.68% 
FRT	228,600 	5,678,430,000 	56,300 	1,430,200,000 	172,300 	4,248,230,000 	28,369,000 	13.08% 
DXG	206,500 	5,015,600,000 	45,800 	1,105,725,000 	160,700 	3,909,875,000 	82,320,959 	33.17% 
CKG	123,400 	2,245,290,000 	1,300 	23,740,000 	122,100 	2,221,550,000 	38,662,072 	2.14% 
PC1	308,800 	7,713,545,000 	187,600 	4,697,520,000 	121,200 	3,016,025,000 	72,753,220 	10.95% 
HCM	150,800 	5,574,300,000 	56,300 	2,067,370,000 	94,500 	3,506,930,000 	160,112,235 	 
HT1	96,000 	1,474,690,000 	9,500 	144,890,000 	86,500 	1,329,800,000 	176,124,871 	2.84% 
SZC	388,000 	13,230,385,000 	303,100 	10,415,375,000 	84,900 	2,815,010,000 	46,076,740 	2.92% 
BVH	124,900 	6,706,700,000 	41,300 	2,209,160,000 	83,600 	4,497,540,000 	160,463,880 	27.38% 
SSI	359,200 	14,233,305,000 	276,800 	10,909,470,000 	82,400 	3,323,835,000 	351,497,451 	57.36% 
PHR	82,000 	4,222,650,000 	2,900 	147,680,000 	79,100 	4,074,970,000 	49,213,783 	12.68% 
AAA	74,900 	1,135,840,000 	1,100 	16,260,000 	73,800 	1,119,580,000 	215,906,738 	2.77% 
CRE	73,600 	3,130,260,000 	0 	0 	73,600 	3,130,260,000 	43,755,083 	3.42% 
AMD	87,700 	544,932,000 	16,500 	101,544,000 	71,200 	443,388,000 	78,743,103 	0.84% 
PVD	120,300 	2,337,875,000 	50,600 	985,030,000 	69,700 	1,352,845,000 	175,588,710 	7.35% 
FLC	91,400 	1,117,440,000 	23,100 	279,695,000 	68,300 	837,745,000 	336,033,889 	1.67% 
HAH	73,800 	2,182,640,000 	10,500 	306,525,000 	63,300 	1,876,115,000 	17,609,485 	12.90% 
TVS	61,000 	1,197,085,000 	0 	0 	61,000 	1,197,085,000 	20,718,331 	27.91% 
TLG	115,400 	4,186,435,000 	60,800 	2,140,135,000 	54,600 	2,046,300,000 	58,077,920 	25.34% 
HAP	62,900 	793,190,000 	11,100 	140,100,000 	51,800 	653,090,000 	25,107,289 	3.86% 
DPM	46,500 	864,955,000 	0 	0 	46,500 	864,955,000 	134,228,339 	14.71% 
POM	48,800 	842,905,000 	2,900 	50,460,000 	45,900 	792,445,000 	114,893,791 	7.92% 
NTL	47,000 	1,160,760,000 	2,000 	49,900,000 	45,000 	1,110,860,000 	26,696,835 	5.01% 
HPX	40,600 	1,478,835,000 	0 	0 	40,600 	1,478,835,000 	92,670,816 	16.06% 
HAI	47,900 	230,530,000 	8,000 	38,558,000 	39,900 	191,972,000 	87,093,011 	1.33% 
LDG	40,100 	279,896,000 	1,000 	6,580,000 	39,100 	273,316,000 	115,580,498 	0.88% 
LPB	39,600 	935,440,000 	1,100 	26,085,000 	38,500 	909,355,000 	8,729,224 	4.19% 
NVL	431,800 	59,602,600,000 	396,900 	54,657,700,000 	34,900 	4,944,900,000 	332,275,301 	7.34% 
GTN	34,600 	590,900,000 	0 	0 	34,600 	590,900,000 	249,357,831 	0.26% 
CMG	34,400 	1,233,275,000 	200 	7,150,000 	34,200 	1,226,125,000 	11,062,232 	37.94% 
SJF	36,800 	140,726,000 	3,000 	11,054,000 	33,800 	129,672,000 	37,206,786 	2.02% 
HCD	32,800 	156,122,000 	0 	0 	32,800 	156,122,000 	12,902,460 	1.21% 
BWE	34,100 	985,470,000 	1,800 	51,650,000 	32,300 	933,820,000 	62,637,480 	19.49% 
PHC	31,400 	485,795,000 	0 	0 	31,400 	485,795,000 	12,495,379 	0.47% 
TGG	35,000 	181,397,000 	5,500 	28,543,000 	29,500 	152,854,000 	12,984,355 	1.44% 
HDC	28,100 	1,273,170,000 	1,400 	63,465,000 	26,700 	1,209,705,000 	29,059,017 	5.31% 
DGW	39,500 	5,484,350,000 	14,600 	1,971,490,000 	24,900 	3,512,860,000 	9,271,632 	27.51% 
DIG	203,500 	5,670,045,000 	179,100 	4,981,240,000 	24,400 	688,805,000 	163,432,269 	2.35% 
DRH	24,000 	240,073,000 	0 	0 	24,000 	240,073,000 	28,668,373 	2.00% 
TSC	69,600 	1,052,965,000 	46,400 	697,745,000 	23,200 	355,220,000 	68,770,412 	2.42% 
DHC	21,900 	2,297,820,000 	0 	0 	21,900 	2,297,820,000 	9,332,959 	31.94% 
CTI	21,800 	317,975,000 	0 	0 	21,800 	317,975,000 	30,264,105 	0.96% 
HNG	21,600 	229,855,000 	1,000 	10,500,000 	20,600 	219,355,000 	540,868,078 	0.21% 
TNI	25,600 	100,770,000 	6,000 	22,620,000 	19,600 	78,150,000 	25,214,430 	0.97% 
DPG	19,500 	701,665,000 	200 	7,260,000 	19,300 	694,405,000 	21,899,323 	0.33% 
KMR	18,600 	114,018,000 	0 	0 	18,600 	114,018,000 	21,074,080 	62.95% 
KDC	42,200 	2,149,800,000 	24,000 	1,224,710,000 	18,200 	925,090,000 	208,607,546 	25.43% 
APG	17,000 	152,740,000 	0 	0 	17,000 	152,740,000 	33,938,650 	0.27% 
BFC	25,300 	644,770,000 	8,700 	218,600,000 	16,600 	426,170,000 	25,940,636 	3.62% 
IMP	16,500 	1,196,250,000 	0 	0 	16,500 	1,196,250,000 	18 	49.00% 
VCI	59,000 	4,403,000,000 	42,600 	3,181,330,000 	16,400 	1,221,670,000 	129,445,815 	21.83% 
IDI	39,000 	243,328,000 	22,600 	137,486,000 	16,400 	105,842,000 	109,973,470 	0.69% 
MSH	24,200 	1,240,640,000 	8,100 	409,760,000 	16,100 	830,880,000 	21,382,466 	6.24% 
FIT	21,100 	245,320,000 	5,000 	57,750,000 	16,100 	187,570,000 	120,604,782 	1.65% 
VIB	20,300 	1,256,330,000 	4,700 	290,640,000 	15,600 	965,690,000 	13,533 	21.14% 
LHG	21,300 	854,800,000 	6,600 	272,060,000 	14,700 	582,740,000 	19,883,281 	9.24% 
DCM	25,200 	439,645,000 	11,100 	190,520,000 	14,100 	249,125,000 	241,964,643 	3.29% 
VDS	13,900 	225,125,000 	0 	0 	13,900 	225,125,000 	48,516,303 	0.53% 
DGC	14,200 	1,009,530,000 	700 	49,500,000 	13,500 	960,030,000 	67,673,519 	4.04% 
TYA	26,300 	431,900,000 	12,900 	212,195,000 	13,400 	219,705,000 	3,958,764 	35.47% 
DBC	22,500 	1,234,370,000 	9,300 	507,480,000 	13,200 	726,890,000 	48,794,279 	2.42% 
AST	54,100 	2,696,955,000 	41,000 	2,045,470,000 	13,100 	651,485,000 	2,512,178 	43.42% 
CTD	12,900 	699,800,000 	200 	10,910,000 	12,700 	688,890,000 	3,456,609 	44.64% 
DAG	19,200 	111,966,000 	7,300 	41,683,000 	11,900 	70,283,000 	20,762,061 	0.75% 
SAM	11,500 	116,165,000 	0 	0 	11,500 	116,165,000 	168,720,865 	0.79% 
ADS	17,800 	368,985,000 	6,800 	138,860,000 	11,000 	230,125,000 	13,704,123 	0.18% 
FIR	10,700 	342,920,000 	0 	0 	10,700 	342,920,000 	12,995,075 	0.94% 
CSV	11,900 	317,055,000 	1,300 	34,450,000 	10,600 	282,605,000 	15,649,436 	13.59% 
FMC	16,200 	530,505,000 	5,700 	187,920,000 	10,500 	342,585,000 	24,523,031 	7.33% 
NHH	10,100 	608,600,000 	0 	0 	10,100 	608,600,000 	36,360,495 	0.22% 
TTA	9,500 	135,810,000 	0 	0 	9,500 	135,810,000 	65,749,030 	0.30% 
LSS	9,700 	99,668,000 	300 	3,000,000 	9,400 	96,668,000 	32,876,403 	2.03% 
SMC	13,900 	529,535,000 	4,800 	183,050,000 	9,100 	346,485,000 	13,326,369 	27.15% 
PXS	9,000 	50,449,000 	0 	0 	9,000 	50,449,000 	22,670,112 	11.22% 
AGR	7,800 	90,500,000 	400 	4,545,000 	7,400 	85,955,000 	103,133,361 	0.35% 
GVR	8,900 	227,120,000 	1,900 	47,970,000 	7,000 	179,150,000 	499,603,440 	0.51% 
DAH	10,100 	91,380,000 	3,400 	30,323,000 	6,700 	61,057,000 	16,527,060 	0.68% 
VNE	7,400 	47,397,000 	800 	5,042,000 	6,600 	42,355,000 	38,619,492 	6.29% 
DCL	7,900 	276,615,000 	1,500 	54,045,000 	6,400 	222,570,000 	17,109,247 	2.47% 
SBV	5,700 	77,165,000 	0 	0 	5,700 	77,165,000 	9,271,034 	15.12% 
VSC	38,500 	2,009,490,000 	33,000 	1,712,540,000 	5,500 	296,950,000 	16,655,892 	18.78% 
SJS	6,000 	341,220,000 	600 	34,020,000 	5,400 	307,200,000 	54,836,171 	1.26% 
MSB	5,900 	146,615,000 	500 	12,500,000 	5,400 	134,115,000 	4,907 	29.94% 
TDM	6,100 	164,495,000 	1,000 	26,780,000 	5,100 	137,715,000 	44,182,950 	4.82% 
HID	6,600 	29,313,000 	2,000 	9,140,000 	4,600 	20,173,000 	28,329,489 	0.79% 
TDG	4,100 	16,725,000 	0 	0 	4,100 	16,725,000 	8,015,431 	1.20% 
TDH	10,000 	76,800,000 	6,100 	46,777,000 	3,900 	30,023,000 	46,514,286 	7.71% 
BKG	3,700 	39,700,000 	0 	0 	3,700 	39,700,000 	15,649,200 	0.10% 
TIP	3,000 	125,210,000 	0 	0 	3,000 	125,210,000 	8,213,093 	17.41% 
BCE	3,000 	33,835,000 	400 	4,420,000 	2,600 	29,415,000 	16,450,986 	2.00% 
VIX	2,500 	68,080,000 	0 	0 	2,500 	68,080,000 	61,489,139 	0.86% 
HUB	2,400 	59,350,000 	0 	0 	2,400 	59,350,000 	8,469,234 	5.70% 
VPG	5,800 	222,175,000 	3,400 	129,860,000 	2,400 	92,315,000 	18,458,450 	2.14% 
PGC	6,100 	100,650,000 	3,800 	63,095,000 	2,300 	37,555,000 	27,493,919 	3.44% 
SGR	2,200 	59,705,000 	0 	0 	2,200 	59,705,000 	29,386,025 	0.02% 
TCL	4,000 	124,000,000 	1,800 	55,675,000 	2,200 	68,325,000 	13,771,215 	3.34% 
SKG	4,000 	43,785,000 	1,800 	19,500,000 	2,200 	24,285,000 	3,167,119 	44.00% 
TLD	10,700 	65,092,000 	8,600 	50,208,000 	2,100 	14,884,000 	18,952,461 	1.65% 
SGN	2,100 	138,700,000 	0 	0 	2,100 	138,700,000 	9,357,417 	2.14% 
TNT	2,300 	16,603,000 	200 	1,478,000 	2,100 	15,125,000 	12,472,910 	0.09% 
DXV	2,000 	10,100,000 	0 	0 	2,000 	10,100,000 	4,802,150 	0.49% 
CMX	7,000 	101,200,000 	5,000 	72,600,000 	2,000 	28,600,000 	8,827,146 	22.97% 
VRC	5,600 	39,689,000 	3,700 	25,783,000 	1,900 	13,906,000 	23,481,684 	2.04% 
D2D	1,900 	96,710,000 	0 	0 	1,900 	96,710,000 	14,128,909 	2.38% 
NNC	2,600 	65,060,000 	800 	20,710,000 	1,800 	44,350,000 	8,337,990 	10.96% 
C47	3,500 	38,165,000 	1,900 	20,330,000 	1,600 	17,835,000 	9,082,649 	0.54% 
SVD	1,600 	12,489,000 	0 	0 	1,600 	12,489,000 	6,272,700 	0.37% 
RAL	1,400 	324,650,000 	200 	46,380,000 	1,200 	278,270,000 	5,666,384 	2.07% 
SCS	47,400 	6,146,540,000 	46,200 	5,986,970,000 	1,200 	159,570,000 	13,426,502 	30.02% 
HMC	3,400 	82,960,000 	2,300 	54,975,000 	1,100 	27,985,000 	10,079,420 	1.00% 
VIS	1,000 	19,200,000 	0 	0 	1,000 	19,200,000 	19,138,389 	74.08% 
HAS	1,000 	14,000,000 	0 	0 	1,000 	14,000,000 	2,541,436 	17.23% 
AAT	900 	18,875,000 	0 	0 	900 	18,875,000 	17,030,400 	 
FUESSV50	800 	16,320,000 	0 	0 	800 	16,320,000 	4,037,250 	66.64% 
LCM	600 	1,500,000 	0 	0 	600 	1,500,000 	9,472,660 	10.54% 
UIC	700 	35,115,000 	100 	5,040,000 	600 	30,075,000 	1,985,890 	24.18% 
BMP	700 	39,480,000 	200 	11,380,000 	500 	28,100,000 	14,769,945 	81.96% 
COM	500 	20,075,000 	0 	0 	500 	20,075,000 	6,861,988 	0.40% 
EIB	30,100 	787,775,000 	29,600 	771,220,000 	500 	16,555,000 	2,099,142 	29.83% 
GSP	500 	5,635,000 	0 	0 	500 	5,635,000 	14,928,040 	7.53% 
HVH	400 	3,976,000 	0 	0 	400 	3,976,000 	17,931,512 	0.79% 
DBD	400 	18,000,000 	0 	0 	400 	18,000,000 	52,333,270 	0.09% 
SHA	300 	1,737,000 	0 	0 	300 	1,737,000 	15,472,559 	0.43% 
STK	400 	12,830,000 	200 	6,450,000 	200 	6,380,000 	27,483,369 	10.14% 
TAC	400 	22,830,000 	200 	11,500,000 	200 	11,330,000 	15,506,790 	3.23% 
FUCVREIT	100 	1,590,000 	0 	0 	100 	1,590,000 	2,422,510 	0.55% 
CLC	100 	3,680,000 	0 	0 	100 	3,680,000 	12,293,449 	2.09% 
HTI	100 	1,630,000 	0 	0 	100 	1,630,000 	8,412,878 	15.28% 
FTM	100 	268,000 	0 	0 	100 	268,000 	24,298,870 	0.40% 
VNS	100 	985,000 	0 	0 	100 	985,000 	19,760,163 	19.88% 
PTC	0 	0 	0 	0 	0 	0 	8,767,185 	0.29% 
VDP	0 	0 	0 	0 	0 	0 	7,841,299 	0.31% 
PTL	0 	0 	0 	0 	0 	0 	48,907,956 	0.09% 
NVT	0 	0 	0 	0 	0 	0 	90,397,980 	0.11% 
PXI	0 	0 	0 	0 	0 	0 	14,419,790 	0.93% 
VTB	0 	0 	0 	0 	0 	0 	5,687,870 	1.53% 
NHA	0 	0 	0 	0 	0 	0 	11,736,872 	0.39% 
VCG	0 	0 	0 	0 	0 	0 	212,568,234 	0.88% 
VCF	0 	0 	0 	0 	0 	0 	12,858,758 	0.62% 
VSI	0 	0 	0 	0 	0 	0 	6,384,140 	0.64% 
PSH	0 	0 	0 	0 	0 	0 	61,837,722 	 
VNL	0 	0 	0 	0 	0 	0 	3,732,290 	7.53% 
PME	0 	0 	0 	0 	0 	0 	7,813,723 	89.58% 
PDN	0 	0 	0 	0 	0 	0 	8,978,243 	0.53% 
PGI	0 	0 	0 	0 	0 	0 	25,110,533 	20.70% 
PIT	0 	0 	0 	0 	0 	0 	7,337,624 	0.72% 
VMD	0 	0 	0 	0 	0 	0 	7,328,550 	1.54% 
YBM	0 	0 	0 	0 	0 	0 	6,991,014 	0.11% 
VTO	0 	0 	0 	0 	0 	0 	37,612,038 	1.91% 
PJT	0 	0 	0 	0 	0 	0 	7,172,211 	2.31% 
PAC	0 	0 	0 	0 	0 	0 	16,689,201 	13.09% 
OPC	0 	0 	0 	0 	0 	0 	11,686,578 	5.03% 
VPD	0 	0 	0 	0 	0 	0 	52,185,483 	0.04% 
VID	0 	0 	0 	0 	0 	0 	15,010,636 	0.39% 
PMG	0 	0 	0 	0 	0 	0 	11,013,370 	27.73% 
PNC	0 	0 	0 	0 	0 	0 	5,321,277 	0.80% 
SVC	0 	0 	0 	0 	0 	0 	15,675,923 	1.95% 
TMT	0 	0 	0 	0 	0 	0 	17,357,273 	2.35% 
TMS	0 	0 	0 	0 	0 	0 	1,020 	49.00% 
SVT	0 	0 	0 	0 	0 	0 	5,673,225 	0.01% 
SVI	0 	0 	0 	0 	0 	0 	672,632 	94.76% 
STG	0 	0 	0 	0 	0 	0 	48,082,560 	0.06% 
TNC	0 	0 	0 	0 	0 	0 	9,021,290 	2.14% 
SRF	0 	0 	0 	0 	0 	0 	680,006 	46.91% 
SSB	0 	0 	0 	0 	0 	0 	 	30.00% 
ST8	0 	0 	0 	0 	0 	0 	 	49.00% 
TN1	0 	0 	0 	0 	0 	0 	10,470,581 	4.13% 
TDP	0 	0 	0 	0 	0 	0 	26,317,128 	0.05% 
TIX	0 	0 	0 	0 	0 	0 	14,668,296 	0.11% 
TDW	0 	0 	0 	0 	0 	0 	3,946,720 	2.57% 
THG	0 	0 	0 	0 	0 	0 	6,728,294 	2.66% 
TEG	0 	0 	0 	0 	0 	0 	15,810,667 	0.18% 
TCT	0 	0 	0 	0 	0 	0 	4,467,220 	14.07% 
TCB	1,041,400 	55,923,180,000 	1,041,400 	55,923,180,000 	0 	0 	80 	22.49% 
SZL	0 	0 	0 	0 	0 	0 	6,230,700 	17.85% 
TCD	0 	0 	0 	0 	0 	0 	37,922,019 	2.92% 
TCR	0 	0 	0 	0 	0 	0 	4,011 	48.96% 
TCO	0 	0 	0 	0 	0 	0 	8,734,818 	2.32% 
SCD	0 	0 	0 	0 	0 	0 	3,512,840 	7.67% 
TTE	0 	0 	0 	0 	0 	0 	14,529,634 	0.00% 
SCR	0 	0 	0 	0 	0 	0 	176,527,247 	0.82% 
SFG	0 	0 	0 	0 	0 	0 	23,110,022 	0.75% 
SFC	0 	0 	0 	0 	0 	0 	5,440,243 	0.82% 
TVT	0 	0 	0 	0 	0 	0 	10,249,690 	0.19% 
RIC	0 	0 	0 	0 	0 	0 	4,955,918 	31.74% 
QCG	0 	0 	0 	0 	0 	0 	133,337,768 	0.54% 
VAF	0 	0 	0 	0 	0 	0 	18,455,885 	0.00% 
SBA	0 	0 	0 	0 	0 	0 	29,595,167 	0.07% 
SAV	0 	0 	0 	0 	0 	0 	832,703 	43.30% 
SII	0 	0 	0 	0 	0 	0 	29,383 	48.95% 
SHP	0 	0 	0 	0 	0 	0 	41,046,804 	5.20% 
SMA	0 	0 	0 	0 	0 	0 	9,963,606 	0.05% 
SRC	0 	0 	0 	0 	0 	0 	13,726,434 	0.09% 
SPM	0 	0 	0 	0 	0 	0 	6,451,550 	2.92% 
TNH	0 	0 	0 	0 	0 	0 	 	49.00% 
TRC	0 	0 	0 	0 	0 	0 	14,365,240 	1.12% 
TS4	0 	0 	0 	0 	0 	0 	7,785,697 	0.82% 
TRA	0 	0 	0 	0 	0 	0 	2,560,485 	42.82% 
SGT	0 	0 	0 	0 	0 	0 	26,378,988 	13.35% 
TPC	0 	0 	0 	0 	0 	0 	11,570,086 	1.64% 
NBB	0 	0 	0 	0 	0 	0 	48,263,111 	0.97% 
CSM	0 	0 	0 	0 	0 	0 	49,805,880 	0.94% 
DAT	0 	0 	0 	0 	0 	0 	22,542,167 	0.00% 
HU3	0 	0 	0 	0 	0 	0 	4,432,233 	4.68% 
HU1	0 	0 	0 	0 	0 	0 	4,530,370 	3.70% 
DC4	0 	0 	0 	0 	0 	0 	15,646,206 	0.11% 
DHA	0 	0 	0 	0 	0 	0 	5,508,221 	12.57% 
HTV	0 	0 	0 	0 	0 	0 	4,466,406 	14.92% 
DBT	0 	0 	0 	0 	0 	0 	5,580,515 	9.71% 
CIG	0 	0 	0 	0 	0 	0 	15,446,024 	0.03% 
CLL	0 	0 	0 	0 	0 	0 	14,154,939 	7.37% 
CFPT2016	0 	0 	0 	0 	0 	0 	4,917,470 	 
CHP	0 	0 	0 	0 	0 	0 	66,375,450 	3.82% 
CMV	0 	0 	0 	0 	0 	0 	5,905,254 	0.21% 
HVX	0 	0 	0 	0 	0 	0 	19,237,401 	0.89% 
ILB	0 	0 	0 	0 	0 	0 	 	49.00% 
CLW	0 	0 	0 	0 	0 	0 	5,747,810 	4.79% 
DVP	1,000 	46,140,000 	1,000 	46,115,000 	0 	25,000 	14,376,890 	13.06% 
EMC	0 	0 	0 	0 	0 	0 	7,490,073 	0.04% 
DTT	0 	0 	0 	0 	0 	0 	3,979,994 	0.18% 
HHP	0 	0 	0 	0 	0 	0 	9,476,906 	1.78% 
GTA	0 	0 	0 	0 	0 	0 	5,046,305 	0.48% 
FUCTVGF2	0 	0 	0 	0 	0 	0 	8,085,278 	1.44% 
EVE	0 	0 	0 	0 	0 	0 	13,907,612 	66.87% 
FDC	0 	0 	0 	0 	0 	0 	18,914,530 	0.04% 
DRL	0 	0 	0 	0 	0 	0 	4,554,430 	1.06% 
DSN	800 	33,200,000 	800 	32,840,000 	0 	360,000 	3,491,441 	20.10% 
HTL	0 	0 	0 	0 	0 	0 	532,351 	44.56% 
HSL	0 	0 	0 	0 	0 	0 	15,604,305 	9.10% 
DTL	0 	0 	0 	0 	0 	0 	30,100,724 	0.00% 
HOT	0 	0 	0 	0 	0 	0 	3,918,780 	0.02% 
HRC	0 	0 	0 	0 	0 	0 	14,602,111 	0.66% 
DTA	0 	0 	0 	0 	0 	0 	8,835,351 	0.08% 
LM8	0 	0 	0 	0 	0 	0 	4,434,709 	1.77% 
AGM	0 	0 	0 	0 	0 	0 	7,754,330 	6.39% 
MCG	0 	0 	0 	0 	0 	0 	25,439,746 	4.76% 
AGG	0 	0 	0 	0 	0 	0 	35,978,296 	5.52% 
LEC	0 	0 	0 	0 	0 	0 	12,787,938 	0.00% 
APC	0 	0 	0 	0 	0 	0 	6,736,754 	15.52% 
LGL	0 	0 	0 	0 	0 	0 	24,089,021 	2.23% 
LGC	0 	0 	0 	0 	0 	0 	7,736,135 	44.99% 
MCP	0 	0 	0 	0 	0 	0 	7,355,956 	0.19% 
AAM	0 	0 	0 	0 	0 	0 	5,932,313 	0.95% 
MWG	3,455,500 	554,285,000,000 	3,455,500 	554,285,000,000 	0 	0 	15 	67.42% 
FCM	0 	0 	0 	0 	0 	0 	19,239,585 	2.07% 
NAV	0 	0 	0 	0 	0 	0 	3,848,410 	0.89% 
ADG	0 	0 	0 	0 	0 	0 	4,156,471 	41.91% 
MDG	0 	0 	0 	0 	0 	0 	5,335,625 	 
MIG	0 	0 	0 	0 	0 	0 	61,566,324 	1.64% 
ACC	0 	0 	0 	0 	0 	0 	11,020,773 	36.79% 
BTP	0 	0 	0 	0 	0 	0 	23,784,924 	9.68% 
BRC	0 	0 	0 	0 	0 	0 	6,011,028 	0.43% 
CDC	0 	0 	0 	0 	0 	0 	10,685,808 	0.40% 
CCI	0 	0 	0 	0 	0 	0 	8,262,543 	2.43% 
BTT	0 	0 	0 	0 	0 	0 	6,553,157 	0.44% 
ITD	0 	0 	0 	0 	0 	0 	9,159,845 	1.14% 
ITC	0 	0 	0 	0 	0 	0 	38,701,283 	0.46% 
LBM	0 	0 	0 	0 	0 	0 	3,925,601 	9.74% 
ASP	0 	0 	0 	0 	0 	0 	66 	49.00% 
CEE	0 	0 	0 	0 	0 	0 	20,332,650 	0.01% 
BHN	0 	0 	0 	0 	0 	0 	73,156,930 	17.44% 
KPF	0 	0 	0 	0 	0 	0 	26,648,572 	3.03% 
L10	0 	0 	0 	0 	0 	0 	4,754,613 	0.93% 
GMC	0 	0 	100 	3,245,000 	-100 	-3,245,000 	12,174,436 	8.43% 
ABS	0 	0 	100 	3,050,000 	-100 	-3,050,000 	14,103,410 	0.03% 
TCM	500 	41,830,000 	600 	50,990,000 	-100 	-9,160,000 	2,918,228 	41.75% 
VNG	1,200 	14,400,000 	1,300 	15,275,000 	-100 	-875,000 	47,517,924 	0.15% 
ICT	1,200 	21,870,000 	1,400 	24,675,000 	-200 	-2,805,000 	32,034,240 	0.47% 
TBC	0 	0 	200 	5,590,000 	-200 	-5,590,000 	30,676,016 	0.69% 
GAB	0 	0 	200 	38,640,000 	-200 	-38,640,000 	6,677,480 	0.61% 
GDT	3,200 	169,380,000 	3,500 	187,120,000 	-300 	-17,740,000 	5,953,243 	14.26% 
NCT	0 	0 	300 	20,910,000 	-300 	-20,910,000 	10,399,552 	9.26% 
TPB	0 	0 	300 	9,960,000 	-300 	-9,960,000 	139,800 	29.99% 
CRC	1,500 	14,696,000 	1,800 	17,057,000 	-300 	-2,361,000 	7,255,930 	0.63% 
KSB	700 	19,720,000 	1,000 	27,250,000 	-300 	-7,530,000 	31,214,214 	2.39% 
DQC	0 	0 	400 	7,835,000 	-400 	-7,835,000 	16,469,392 	1.07% 
S4A	100 	2,690,000 	500 	13,480,000 	-400 	-10,790,000 	20,650,820 	0.06% 
HII	0 	0 	500 	9,850,000 	-500 	-9,850,000 	15,372,538 	1.00% 
LCG	0 	0 	500 	5,600,000 	-500 	-5,600,000 	53,909,532 	3.64% 
VPS	2,000 	31,400,000 	2,700 	42,390,000 	-700 	-10,990,000 	11,809,710 	0.72% 
RDP	0 	0 	800 	6,710,000 	-800 	-6,710,000 	23,114,741 	0.48% 
DRC	23,100 	639,695,000 	24,000 	658,905,000 	-900 	-19,210,000 	48,322,892 	8.32% 
UDC	200 	1,164,000 	1,200 	7,114,000 	-1,000 	-5,950,000 	15,643,640 	4.30% 
SC5	100 	2,350,000 	1,300 	28,600,000 	-1,200 	-26,250,000 	6,695,877 	4.31% 
TTB	6,500 	43,347,000 	8,000 	51,299,000 	-1,500 	-7,952,000 	24,551,583 	1.34% 
KHP	0 	0 	1,700 	11,475,000 	-1,700 	-11,475,000 	23,467,798 	8.24% 
DHM	0 	0 	1,800 	18,540,000 	-1,800 	-18,540,000 	14,881,929 	1.60% 
CTF	0 	0 	2,000 	39,390,000 	-2,000 	-39,390,000 	33,446,832 	0.03% 
C32	0 	0 	2,200 	55,880,000 	-2,200 	-55,880,000 	5,195,142 	14.44% 
HTN	5,700 	202,655,000 	8,000 	294,410,000 	-2,300 	-91,755,000 	24,079,866 	0.36% 
FUEMAV30	52,100 	869,399,000 	54,400 	907,796,000 	-2,300 	-38,397,000 	1,850,920 	275.21% 
SHI	4,700 	129,480,000 	7,000 	192,295,000 	-2,300 	-62,815,000 	43,698,434 	1.20% 
REE	0 	0 	2,400 	138,480,000 	-2,400 	-138,480,000 	16,376 	48.99% 
ACL	1,000 	11,575,000 	3,400 	41,650,000 	-2,400 	-30,075,000 	18,303,024 	3.05% 
PGD	100 	2,790,000 	2,500 	70,000,000 	-2,400 	-67,210,000 	1,960,737 	46.82% 
BMC	2,700 	38,660,000 	5,200 	77,420,000 	-2,500 	-38,760,000 	4,836,067 	9.98% 
FPT	3,664,800 	374,175,300,000 	3,667,500 	374,430,470,000 	-2,700 	-255,170,000 	3,486 	49.00% 
ANV	19,700 	494,810,000 	22,600 	548,850,000 	-2,900 	-54,040,000 	61,089,865 	1.10% 
ACB	0 	0 	3,000 	112,350,000 	-3,000 	-112,350,000 	3,001 	30.00% 
GIL	74,700 	4,413,220,000 	77,900 	4,612,760,000 	-3,200 	-199,540,000 	15,404,859 	6.21% 
MHC	1,200 	14,275,000 	4,600 	55,285,000 	-3,400 	-41,010,000 	19,280,650 	2.44% 
FUESSV30	44,400 	792,281,000 	47,800 	853,543,000 	-3,400 	-61,262,000 	3,368,180 	 
TNA	1,200 	14,640,000 	4,700 	56,900,000 	-3,500 	-42,260,000 	17,736,152 	4.36% 
OGC	13,000 	75,225,000 	17,000 	97,410,000 	-4,000 	-22,185,000 	146,282,442 	0.24% 
SBT	21,000 	415,750,000 	25,300 	488,385,000 	-4,300 	-72,635,000 	564,616,135 	12.02% 
PPC	3,600 	85,285,000 	8,000 	187,200,000 	-4,400 	-101,915,000 	112,112,799 	14.63% 
FUEVN100	30,400 	538,767,000 	35,100 	621,985,000 	-4,700 	-83,218,000 	1,909,270 	 
CVT	0 	0 	5,200 	205,740,000 	-5,200 	-205,740,000 	36,346,510 	0.94% 
VPH	0 	0 	5,400 	27,324,000 	-5,400 	-27,324,000 	35,462,284 	11.81% 
ASM	200 	2,270,000 	5,600 	65,545,000 	-5,400 	-63,275,000 	123,750,757 	1.20% 
KOS	0 	0 	5,600 	140,755,000 	-5,600 	-140,755,000 	80,444,751 	0.25% 
DMC	400 	18,165,000 	6,100 	277,575,000 	-5,700 	-259,410,000 	14,729,850 	57.58% 
PLP	800 	7,512,000 	7,400 	67,562,000 	-6,600 	-60,050,000 	18,513,425 	2.72% 
SFI	0 	0 	6,900 	252,510,000 	-6,900 	-252,510,000 	5,877,825 	10.04% 
BIC	200 	4,040,000 	7,900 	157,640,000 	-7,700 	-153,600,000 	3,323,861 	46.17% 
SMB	4,000 	159,600,000 	12,000 	478,820,000 	-8,000 	-319,220,000 	10,916,186 	12.43% 
TLH	300 	5,355,000 	8,500 	152,100,000 	-8,200 	-146,745,000 	48,892,090 	1.12% 
NAF	0 	0 	8,600 	234,795,000 	-8,600 	-234,795,000 	44,380,292 	32.68% 
TMP	0 	0 	9,000 	385,200,000 	-9,000 	-385,200,000 	34,017,140 	0.40% 
VSH	0 	0 	9,100 	176,795,000 	-9,100 	-176,795,000 	87,819,019 	11.83% 
JVC	10,700 	47,292,000 	21,100 	90,919,000 	-10,400 	-43,627,000 	40,403,618 	8.84% 
DPR	0 	0 	10,800 	513,255,000 	-10,800 	-513,255,000 	16,169,970 	11.40% 
PTB	11,100 	976,340,000 	23,000 	2,018,210,000 	-11,900 	-1,041,870,000 	15,024,426 	18.09% 
SJD	0 	0 	12,800 	218,880,000 	-12,800 	-218,880,000 	18,335,837 	22.43% 
BCM	12,000 	629,600,000 	25,000 	1,308,400,000 	-13,000 	-678,800,000 	486,323,940 	2.01% 
LIX	11,900 	689,300,000 	25,200 	1,441,080,000 	-13,300 	-751,780,000 	12,256,195 	11.17% 
DHG	1,100 	104,070,000 	15,900 	1,510,190,000 	-14,800 	-1,406,120,000 	59,462,201 	54.52% 
EVG	0 	0 	15,300 	174,375,000 	-15,300 	-174,375,000 	50,781,070 	0.64% 
CNG	6,500 	138,780,000 	22,000 	464,480,000 	-15,500 	-325,700,000 	12,018,839 	4.49% 
IJC	4,200 	112,000,000 	21,000 	542,400,000 	-16,800 	-430,400,000 	104,563,877 	0.84% 
HHS	33,500 	226,830,000 	51,000 	346,404,000 	-17,500 	-119,574,000 	128,601,597 	2.19% 
BMI	200 	6,450,000 	20,300 	658,160,000 	-20,100 	-651,710,000 	14,262,220 	33.39% 
IBC	0 	0 	23,200 	529,400,000 	-23,200 	-529,400,000 	24,795,940 	0.61% 
APH	0 	0 	23,800 	1,390,070,000 	-23,800 	-1,390,070,000 	133,089,334 	35.54% 
TTF	900 	6,196,000 	25,500 	176,270,000 	-24,600 	-170,074,000 	151,683,769 	0.26% 
HAR	400 	1,992,000 	28,500 	137,112,000 	-28,100 	-135,120,000 	49,295,496 	0.36% 
TV2	36,700 	1,809,610,000 	66,800 	3,283,175,000 	-30,100 	-1,473,565,000 	2,915,306 	6.91% 
PET	26,300 	532,095,000 	59,800 	1,205,705,000 	-33,500 	-673,610,000 	39,987,914 	2.82% 
GAS	9,000 	726,410,000 	43,900 	3,552,250,000 	-34,900 	-2,825,840,000 	891,006,202 	2.47% 
SAB	126,900 	19,116,810,000 	162,100 	24,392,930,000 	-35,200 	-5,276,120,000 	238,195,469 	62.86% 
PNJ	13,200 	1,313,760,000 	49,100 	5,044,390,000 	-35,900 	-3,730,630,000 	115,580 	48.97% 
CTS	19,800 	330,660,000 	57,600 	948,755,000 	-37,800 	-618,095,000 	49,887,448 	2.13% 
ITA	200 	1,363,000 	38,900 	273,835,000 	-38,700 	-272,472,000 	399,411,250 	1.21% 
FTS	3,900 	97,695,000 	43,800 	1,138,875,000 	-39,900 	-1,041,180,000 	103,395,804 	21.83% 
FUESSVFL	3,800 	77,755,000 	47,700 	976,544,000 	-43,900 	-898,789,000 	4,349,800 	489.89% 
PLX	31,600 	1,735,870,000 	79,900 	4,388,820,000 	-48,300 	-2,652,950,000 	58,840,640 	15.45% 
YEG	1,000 	20,450,000 	50,000 	1,090,000,000 	-49,000 	-1,069,550,000 	22,825,677 	27.03% 
PXT	100 	234,000 	50,600 	118,404,000 	-50,500 	-118,170,000 	9,676,000 	0.62% 
NT2	50,700 	949,755,000 	103,900 	1,948,150,000 	-53,200 	-998,395,000 	97,551,204 	15.11% 
HAG	21,700 	111,580,000 	94,900 	494,900,000 	-73,200 	-383,320,000 	385,186,659 	1.05% 
HVN	16,600 	437,975,000 	105,200 	2,761,880,000 	-88,600 	-2,323,905,000 	295,433,877 	9.17% 
VCB	431,900 	42,027,540,000 	521,000 	50,674,100,000 	-89,100 	-8,646,560,000 	249,453,978 	23.27% 
GEG	10,300 	164,770,000 	100,000 	1,583,500,000 	-89,700 	-1,418,730,000 	30,820,865 	37.63% 
VHC	17,600 	699,810,000 	109,400 	4,295,650,000 	-91,800 	-3,595,840,000 	142,735,110 	22.16% 
TCH	57,000 	1,257,150,000 	154,900 	3,420,810,000 	-97,900 	-2,163,660,000 	147,321,233 	11.27% 
VJC	15,600 	1,732,560,000 	113,800 	12,647,240,000 	-98,200 	-10,914,680,000 	61,288,643 	18.68% 
VGC	1,500 	46,800,000 	99,900 	3,096,765,000 	-98,400 	-3,049,965,000 	191,178,358 	6.36% 
VNM	2,319,700 	206,794,335,000 	2,433,420 	216,661,205,000 	-113,720 	-9,866,870,000 	941,865,132 	54.93% 
E1VFVN30	426,100 	10,206,353,000 	546,900 	13,078,087,000 	-120,800 	-2,871,734,000 	12,326,780 	46.46% 
VPB	0 	0 	134,900 	9,032,800,000 	-134,900 	-9,032,800,000 	33,119,224 	14.10% 
HDG	39,700 	1,668,515,000 	175,200 	7,370,940,000 	-135,500 	-5,702,425,000 	60,545,512 	9.75% 
GMD	142,900 	5,536,545,000 	297,600 	11,450,205,000 	-154,700 	-5,913,660,000 	27,168,687 	39.99% 
VOS	24,600 	100,385,000 	193,300 	789,626,000 	-168,700 	-689,241,000 	66,077,650 	1.80% 
GEX	900 	22,335,000 	229,900 	5,765,165,000 	-229,000 	-5,742,830,000 	176,636,747 	12.82% 
CCL	13,300 	165,455,000 	284,400 	3,522,630,000 	-271,100 	-3,357,175,000 	22,574,507 	1.47% 
ELC	16,900 	206,930,000 	298,000 	3,614,615,000 	-281,100 	-3,407,685,000 	18,992,859 	11.57% 
FCN	62,600 	713,030,000 	459,400 	5,154,895,000 	-396,800 	-4,441,865,000 	52,506,199 	34.78% 
CII	17,000 	337,060,000 	422,500 	8,462,240,000 	-405,500 	-8,125,180,000 	116,808,993 	28.75% 
VIP	16,700 	131,773,000 	422,900 	3,306,731,000 	-406,200 	-3,174,958,000 	31,233,737 	3.38% 
NKG	9,100 	277,645,000 	440,800 	13,410,060,000 	-431,700 	-13,132,415,000 	154,654,755 	15.02% 
BID	5,800 	252,665,000 	484,500 	21,539,150,000 	-478,700 	-21,286,485,000 	536,682,250 	16.66% 
CTG	497,300 	24,347,950,000 	1,029,500 	50,206,710,000 	-532,200 	-25,858,760,000 	171,427,639 	95.40% 
VPI	0 	0 	548,175 	19,186,045,000 	-548,175 	-19,186,045,000 	97,328,481 	0.34% 
HBC	20,200 	307,770,000 	728,900 	10,866,070,000 	-708,700 	-10,558,300,000 	80,630,870 	15.79% 
POW	20,000 	232,030,000 	745,400 	8,644,810,000 	-725,400 	-8,412,780,000 	1,071,295,837 	3.25% 
TDC	15,100 	257,450,000 	758,100 	12,983,370,000 	-743,000 	-12,725,920,000 	47,655,610 	1.34% 
VIC	103,600 	12,600,930,000 	965,500 	117,256,090,000 	-861,900 	-104,655,160,000 	753,303,384 	14.40% 
VRE	2,660,400 	79,261,835,000 	3,858,300 	114,831,160,000 	-1,197,900 	-35,569,325,000 	443,253,148 	29.97% 
HSG	7,900 	297,240,000 	1,353,800 	51,088,410,000 	-1,345,900 	-50,791,170,000 	181,357,742 	8.21% 
STB	498,600 	14,593,220,000 	2,418,400 	70,500,195,000 	-1,919,800 	-55,906,975,000 	231,028,239 	11.38% 
HPG	1,143,400 	75,462,390,000 	4,238,000 	279,118,300,000 	-3,094,600 	-203,655,910,000 	650,185,197 	29.38% 
