
Mã

Dư mua
Dư bán
Giá
Thay đổi
Số lệnh đặt mua
Khối lượng đặt mua
KLTB
1 lệnh mua
Số lệnh đặt bán
Khối lượng đặt bán
KLTB
1 lệnh bán
Chênh lệch KL đặt mua - đặt bán
AAA	3,991,700 	2,717,100 	15.30 	0.45 (3.0 %)     	2,342 	8,775,200 	3,747	1,702 	7,500,600 	4,407	1,274,600
AAM	5,600 	5,700 	10.40 	0.10 (1.0 %)     	13 	6,600 	508	13 	6,700 	515	-100
AAT	391,200 	486,500 	21.00 	-0.50 (-2.3 %)     	476 	861,300 	1,809	300 	956,600 	3,189	-95,300
ABS	128,100 	188,100 	31.00 	-1.00 (-3.1 %)     	308 	405,200 	1,316	369 	465,200 	1,261	-60,000
ACB	7,691,300 	11,586,800 	37.50 	0.10 (0.3 %)     	7,334 	16,837,800 	2,296	6,593 	20,733,300 	3,145	-3,895,500
ACC	60,900 	25,100 	14.40 	0.00 (0.0 %)     	117 	75,200 	643	66 	39,400 	597	35,800
ACL	101,300 	30,100 	12.25 	0.75 (6.5 %)     	188 	212,500 	1,130	103 	141,300 	1,372	71,200
ADG	8,100 	30,500 	53.50 	0.00 (0.0 %)     	77 	65,500 	851	36 	87,900 	2,442	-22,400
ADS	1,042,200 	979,300 	20.25 	0.75 (3.8 %)     	986 	2,294,400 	2,327	699 	2,231,500 	3,192	62,900
AGG	1,378,600 	472,300 	47.60 	0.10 (0.2 %)     	962 	3,363,500 	3,496	524 	2,457,200 	4,689	906,300
AGM	48,400 	374,500 	31.10 	-0.90 (-2.8 %)     	83 	139,800 	1,684	198 	465,900 	2,353	-326,100
AGR	1,570,800 	2,767,700 	11.40 	0.10 (0.9 %)     	1,610 	2,914,600 	1,810	2,093 	4,111,500 	1,964	-1,196,900
AMD	10,564,500 	6,378,200 	6.33 	0.11 (1.8 %)     	3,985 	15,420,300 	3,870	1,677 	11,234,000 	6,699	4,186,300
ANC11601	0 	0 	.00 	0.00 (0.0 %)     	0 	0 	NaN	0 	0 	NaN	0
ANV	511,700 	584,600 	24.90 	0.70 (2.9 %)     	735 	1,156,800 	1,574	829 	1,229,700 	1,483	-72,900
APC	19,200 	38,700 	21.65 	0.15 (0.7 %)     	51 	25,200 	494	43 	44,700 	1,040	-19,500
APG	167,700 	1,018,900 	8.99 	0.02 (0.2 %)     	540 	818,700 	1,516	659 	1,669,900 	2,534	-851,200
APH	124,000 	358,000 	58.80 	-0.20 (-0.3 %)     	534 	2,486,900 	4,657	460 	2,720,900 	5,915	-234,000
ASM	5,654,100 	281,500 	12.30 	0.80 (7.0 %)     	2,078 	7,796,100 	3,752	867 	2,423,500 	2,795	5,372,600
ASP	133,800 	59,100 	6.75 	0.15 (2.3 %)     	123 	224,200 	1,823	67 	149,500 	2,231	74,700
AST	52,500 	60,300 	49.90 	0.00 (0.0 %)     	98 	130,400 	1,331	137 	138,200 	1,009	-7,800
BCE	120,700 	127,200 	11.20 	0.10 (0.9 %)     	161 	232,200 	1,442	162 	238,700 	1,473	-6,500
BCG	1,628,700 	1,096,400 	12.35 	0.50 (4.2 %)     	1,286 	3,085,900 	2,400	1,100 	2,553,600 	2,321	532,300
BCM	93,900 	43,000 	52.70 	-0.80 (-1.5 %)     	125 	128,500 	1,028	123 	77,600 	631	50,900
BFC	1,571,800 	936,200 	25.80 	1.30 (5.3 %)     	632 	2,576,200 	4,076	523 	1,940,600 	3,711	635,600
BHN	1,900 	4,500 	61.00 	0.00 (0.0 %)     	15 	1,900 	127	19 	4,500 	237	-2,600
BIC	67,000 	112,500 	20.00 	0.00 (0.0 %)     	162 	103,700 	640	131 	149,200 	1,139	-45,500
BID	23,949,600 	5,352,600 	44.75 	2.90 (6.9 %)     	7,906 	36,977,100 	4,677	12,265 	18,380,100 	1,499	18,597,000
BKG	231,600 	263,100 	10.75 	0.25 (2.4 %)     	241 	523,100 	2,171	208 	554,600 	2,666	-31,500
BMC	182,400 	113,000 	15.00 	0.50 (3.4 %)     	187 	290,900 	1,556	156 	221,500 	1,420	69,400
BMI	864,600 	1,097,200 	32.00 	-0.35 (-1.1 %)     	743 	2,260,200 	3,042	1,157 	2,492,800 	2,155	-232,600
BMP	120,900 	75,900 	56.90 	0.30 (0.5 %)     	211 	158,600 	752	167 	113,600 	680	45,000
BRC	57,500 	38,600 	12.70 	-0.10 (-0.8 %)     	35 	59,000 	1,686	22 	40,100 	1,823	18,900
BTP	27,800 	1,500 	17.15 	1.10 (6.9 %)     	61 	103,800 	1,702	77 	77,500 	1,006	26,300
BTT	5,200 	1,800 	51.00 	0.00 (0.0 %)     	4 	5,200 	1,300	4 	1,800 	450	3,400
BVH	1,204,200 	707,400 	53.30 	0.50 (0.9 %)     	1,326 	2,031,000 	1,532	1,457 	1,534,200 	1,053	496,800
BWE	225,700 	285,000 	28.90 	0.10 (0.3 %)     	456 	674,800 	1,480	277 	734,100 	2,650	-59,300
C32	250,600 	45,200 	25.50 	0.40 (1.6 %)     	128 	312,800 	2,444	78 	107,400 	1,377	205,400
C47	257,900 	61,200 	11.30 	0.60 (5.6 %)     	176 	396,200 	2,251	100 	199,500 	1,995	196,700
CCI	3,800 	14,800 	15.60 	-0.40 (-2.5 %)     	20 	19,600 	980	25 	30,600 	1,224	-11,000
CCL	401,900 	398,500 	12.35 	-0.10 (-0.8 %)     	650 	918,500 	1,413	272 	915,100 	3,364	3,400
CDC	14,300 	17,100 	14.65 	-0.15 (-1.0 %)     	37 	15,300 	414	22 	18,100 	823	-2,800
CEE	100 	400 	15.50 	0.00 (0.0 %)     	1 	100 	100	4 	400 	100	-300
CFPT2016	-609,700 	-609,700 	9.00 	0.28 (3.2 %)     	0 	0 	NaN	0 	0 	NaN	0
CHP	80,600 	26,400 	18.40 	-0.10 (-0.5 %)     	47 	91,200 	1,940	29 	37,000 	1,276	54,200
CIG	52,500 	19,200 	6.20 	0.00 (0.0 %)     	49 	67,900 	1,386	39 	34,600 	887	33,300
CII	2,554,000 	1,105,700 	20.00 	0.00 (0.0 %)     	794 	4,238,300 	5,338	666 	2,790,000 	4,189	1,448,300
CKG	2,264,500 	3,754,800 	17.70 	0.15 (0.9 %)     	2,765 	5,276,600 	1,908	2,108 	6,766,900 	3,210	-1,490,300
CLC	40,100 	14,800 	36.25 	-0.55 (-1.5 %)     	43 	52,300 	1,216	30 	27,000 	900	25,300
CLL	22,500 	5,500 	30.60 	-0.40 (-1.3 %)     	19 	23,500 	1,237	10 	6,500 	650	17,000
CLW	12,000 	900 	31.35 	0.00 (0.0 %)     	3 	12,000 	4,000	2 	900 	450	11,100
CMG	52,300 	151,700 	35.15 	-0.55 (-1.5 %)     	273 	100,100 	367	188 	199,500 	1,061	-99,400
CMV	2,600 	0 	15.30 	1.00 (7.0 %)     	6 	2,700 	450	1 	100 	100	2,600
CMX	650,300 	152,600 	14.75 	0.95 (6.9 %)     	566 	1,171,900 	2,070	424 	674,200 	1,590	497,700
CNG	144,800 	181,100 	21.60 	0.60 (2.9 %)     	154 	345,200 	2,242	130 	381,500 	2,935	-36,300
COM	7,800 	0 	40.15 	0.00 (0.0 %)     	17 	10,800 	635	2 	3,000 	1,500	7,800
CRC	432,600 	57,700 	10.05 	0.65 (6.9 %)     	538 	895,500 	1,664	177 	520,600 	2,941	374,900
CRE	963,500 	473,700 	42.70 	1.15 (2.8 %)     	1,006 	2,344,500 	2,331	332 	1,854,700 	5,586	489,800
CSM	9,300 	50,600 	17.70 	-0.10 (-0.6 %)     	29 	21,500 	741	52 	62,800 	1,208	-41,300
CSV	148,500 	294,100 	27.00 	0.25 (0.9 %)     	212 	252,600 	1,192	153 	398,200 	2,603	-145,600
CTD	651,700 	586,200 	53.80 	1.00 (1.9 %)     	1,265 	1,007,600 	797	1,207 	942,100 	781	65,500
CTF	31,100 	34,300 	20.10 	0.00 (0.0 %)     	82 	174,700 	2,130	56 	177,900 	3,177	-3,200
CTG	11,360,800 	16,323,800 	48.25 	-0.65 (-1.3 %)     	9,490 	27,213,800 	2,868	8,515 	32,176,800 	3,779	-4,963,000
CTI	470,600 	390,000 	14.00 	0.05 (0.4 %)     	476 	1,170,400 	2,459	336 	1,089,800 	3,243	80,600
CTS	1,945,400 	3,311,200 	16.20 	0.30 (1.9 %)     	2,249 	3,968,200 	1,764	1,997 	5,334,000 	2,671	-1,365,800
CVT	21,700 	30,500 	42.70 	1.70 (4.1 %)     	74 	61,100 	826	65 	69,900 	1,075	-8,800
D2D	296,300 	183,700 	52.10 	-0.80 (-1.5 %)     	393 	457,900 	1,165	351 	345,300 	984	112,600
DAG	329,400 	285,800 	5.93 	0.18 (3.1 %)     	438 	1,062,600 	2,426	300 	1,019,000 	3,397	43,600
DAH	328,000 	410,400 	9.25 	0.27 (3.0 %)     	261 	733,500 	2,810	344 	815,900 	2,372	-82,400
DAT	100 	3,400 	23.95 	0.00 (0.0 %)     	1 	100 	100	10 	3,400 	340	-3,300
DBC	1,186,900 	992,300 	55.10 	1.70 (3.2 %)     	1,106 	2,420,000 	2,188	1,196 	2,225,400 	1,861	194,600
DBD	37,000 	60,000 	45.95 	-0.05 (-0.1 %)     	30 	60,400 	2,013	30 	83,400 	2,780	-23,000
DBT	35,500 	45,500 	12.35 	-0.05 (-0.4 %)     	84 	89,200 	1,062	41 	99,200 	2,420	-10,000
DC4	9,100 	32,100 	16.30 	0.30 (1.9 %)     	95 	52,600 	554	74 	75,600 	1,022	-23,000
DCL	2,193,200 	138,400 	36.10 	2.35 (7.0 %)     	528 	3,044,100 	5,765	291 	989,300 	3,400	2,054,800
DCM	2,554,400 	4,207,700 	17.00 	0.20 (1.2 %)     	2,271 	5,545,000 	2,442	2,573 	7,198,300 	2,798	-1,653,300
DGC	1,791,500 	2,615,200 	70.40 	3.50 (5.2 %)     	3,267 	4,436,000 	1,358	2,903 	5,259,700 	1,812	-823,700
DGW	116,500 	414,800 	133.60 	-4.90 (-3.5 %)     	619 	368,800 	596	707 	667,100 	944	-298,300
DHA	30,400 	49,900 	44.40 	-0.10 (-0.2 %)     	75 	56,900 	759	48 	76,400 	1,592	-19,500
DHC	141,100 	110,600 	104.90 	0.00 (0.0 %)     	237 	329,200 	1,389	140 	298,700 	2,134	30,500
DHG	33,100 	20,700 	94.50 	-1.50 (-1.6 %)     	126 	66,700 	529	85 	54,300 	639	12,400
DHM	60,700 	138,800 	10.25 	0.00 (0.0 %)     	94 	235,200 	2,502	62 	313,300 	5,053	-78,100
DIG	4,483,700 	5,874,400 	28.15 	0.55 (2.0 %)     	3,933 	9,991,400 	2,540	4,801 	11,382,100 	2,371	-1,390,700
DLG	5,007,400 	6,746,500 	2.92 	0.02 (0.7 %)     	2,176 	10,022,000 	4,606	2,015 	11,761,100 	5,837	-1,739,100
DMC	42,100 	23,300 	45.60 	0.60 (1.3 %)     	167 	63,800 	382	52 	45,000 	865	18,800
DPG	1,809,000 	602,100 	36.25 	1.45 (4.2 %)     	910 	2,747,700 	3,019	553 	1,540,800 	2,786	1,206,900
DPM	1,530,900 	1,407,100 	18.50 	0.30 (1.6 %)     	838 	2,225,800 	2,656	906 	2,102,000 	2,320	123,800
DPR	25,200 	19,900 	47.80 	0.20 (0.4 %)     	48 	78,000 	1,625	82 	72,700 	887	5,300
DQC	36,600 	39,100 	20.00 	1.20 (6.4 %)     	91 	69,600 	765	80 	72,100 	901	-2,500
DRC	895,100 	1,868,100 	27.40 	0.00 (0.0 %)     	879 	2,000,700 	2,276	1,312 	2,973,700 	2,267	-973,000
DRH	1,573,400 	718,300 	10.35 	0.56 (5.7 %)     	832 	3,124,300 	3,755	794 	2,269,200 	2,858	855,100
DRL	1,600 	10,400 	57.20 	0.00 (0.0 %)     	6 	1,600 	267	7 	10,400 	1,486	-8,800
DSN	23,100 	11,900 	41.50 	-0.15 (-0.4 %)     	71 	30,400 	428	36 	19,200 	533	11,200
DTA	81,300 	68,400 	9.70 	0.35 (3.7 %)     	52 	107,300 	2,063	58 	94,400 	1,628	12,900
DTL	12,300 	40,200 	30.10 	-0.70 (-2.3 %)     	11 	26,700 	2,427	50 	54,600 	1,092	-27,900
DTT	800 	800 	12.80 	-0.70 (-5.2 %)     	2 	5,100 	2,550	3 	5,100 	1,700	0
DVP	18,800 	42,000 	46.30 	0.05 (0.1 %)     	41 	28,600 	698	75 	51,800 	691	-23,200
DXG	8,362,600 	8,981,700 	24.35 	1.00 (4.3 %)     	5,962 	18,056,700 	3,029	7,038 	18,675,800 	2,654	-619,100
DXV	0 	85,800 	5.05 	-0.38 (-7.0 %)     	13 	8,900 	685	51 	94,700 	1,857	-85,800
E1VFVN30	119,953,300 	111,399,200 	23.84 	0.10 (0.4 %)     	1,023 	120,162,500 	117,461	707 	111,608,400 	157,862	8,554,100
EIB	1,190,000 	1,012,600 	26.05 	0.05 (0.2 %)     	1,060 	2,092,000 	1,974	340 	1,914,600 	5,631	177,400
ELC	959,100 	359,600 	12.20 	0.20 (1.7 %)     	372 	1,571,000 	4,223	403 	971,500 	2,411	599,500
EMC	0 	400 	20.00 	0.00 (0.0 %)     	0 	0 	NaN	1 	400 	400	-400
EVE	16,200 	19,300 	13.75 	-1.00 (-6.8 %)     	67 	30,800 	460	40 	33,900 	848	-3,100
EVG	448,000 	878,400 	11.40 	-0.30 (-2.6 %)     	225 	930,600 	4,136	342 	1,361,000 	3,980	-430,400
FCM	62,800 	31,800 	6.48 	0.08 (1.3 %)     	64 	67,100 	1,048	33 	36,100 	1,094	31,000
FCN	4,156,100 	1,460,100 	11.35 	0.55 (5.1 %)     	1,442 	6,642,600 	4,607	1,062 	3,946,600 	3,716	2,696,000
FDC	10,300 	8,600 	12.00 	0.00 (0.0 %)     	8 	12,300 	1,538	12 	10,600 	883	1,700
FIR	338,400 	31,400 	32.50 	0.70 (2.2 %)     	177 	579,200 	3,272	164 	272,200 	1,660	307,000
FIT	4,794,800 	10,539,800 	11.50 	0.00 (0.0 %)     	3,227 	10,050,600 	3,115	3,562 	15,795,600 	4,434	-5,745,000
FLC	26,715,800 	28,658,500 	12.70 	0.60 (5.0 %)     	7,682 	49,053,600 	6,386	4,944 	50,996,300 	10,315	-1,942,700
FMC	414,300 	335,100 	33.60 	1.50 (4.7 %)     	532 	852,200 	1,602	578 	773,000 	1,337	79,200
FPT	1,940,500 	3,562,500 	93.80 	-1.70 (-1.8 %)     	5,581 	5,163,200 	925	6,640 	6,785,200 	1,022	-1,622,000
FRT	1,914,700 	731,800 	25.80 	1.50 (6.2 %)     	1,714 	3,041,200 	1,774	1,263 	1,858,300 	1,471	1,182,900
FTM	258,500 	411,100 	2.72 	0.02 (0.7 %)     	313 	575,700 	1,839	261 	728,300 	2,790	-152,600
FTS	651,100 	814,100 	25.95 	0.40 (1.6 %)     	846 	1,355,400 	1,602	608 	1,518,400 	2,497	-163,000
FUCTVGF2	0 	1,200 	15.80 	0.00 (0.0 %)     	0 	0 	NaN	2 	1,200 	600	-1,200
FUCVREIT	20,000 	49,600 	14.50 	-0.55 (-3.7 %)     	63 	31,400 	498	57 	61,000 	1,070	-29,600
FUEMAV30	3,859,200 	9,007,600 	16.70 	0.08 (0.5 %)     	287 	3,913,600 	13,636	272 	9,062,000 	33,316	-5,148,400
FUESSV30	10,965,300 	10,826,000 	17.78 	-0.22 (-1.2 %)     	504 	11,019,400 	21,864	464 	10,880,100 	23,448	139,300
FUESSV50	168,800 	82,700 	20.40 	0.20 (1.0 %)     	26 	175,400 	6,746	10 	89,300 	8,930	86,100
FUESSVFL	12,100,200 	4,767,800 	20.36 	0.06 (0.3 %)     	845 	12,174,200 	14,407	672 	4,841,800 	7,205	7,332,400
FUEVFVND	17,136,900 	33,359,300 	23.70 	0.40 (1.7 %)     	1,109 	17,777,900 	16,031	1,131 	34,000,300 	30,062	-16,222,400
FUEVN100	2,332,300 	2,984,600 	17.85 	0.12 (0.7 %)     	275 	2,368,800 	8,614	324 	3,021,100 	9,324	-652,300
GAB	148,300 	11,400 	193.20 	-0.20 (-0.1 %)     	11 	148,600 	13,509	9 	11,700 	1,300	136,900
GAS	565,800 	654,500 	81.00 	0.20 (0.2 %)     	1,162 	1,162,600 	1,001	1,001 	1,251,300 	1,250	-88,700
GDT	169,900 	203,800 	53.00 	0.60 (1.1 %)     	453 	394,300 	870	321 	428,200 	1,334	-33,900
GEG	412,600 	269,900 	16.00 	0.35 (2.2 %)     	510 	798,600 	1,566	234 	655,900 	2,803	142,700
GEX	3,740,000 	3,351,700 	25.25 	0.85 (3.5 %)     	1,563 	7,838,500 	5,015	1,951 	7,450,200 	3,819	388,300
GIL	754,300 	1,214,800 	58.30 	-4.30 (-6.9 %)     	2,048 	2,717,900 	1,327	1,598 	3,178,400 	1,989	-460,500
GMC	21,200 	5,300 	32.00 	0.65 (2.1 %)     	36 	31,800 	883	30 	15,900 	530	15,900
GMD	1,998,300 	4,135,600 	37.95 	-0.85 (-2.2 %)     	3,265 	5,736,600 	1,757	3,040 	7,873,900 	2,590	-2,137,300
GSP	35,100 	16,400 	11.40 	0.05 (0.4 %)     	70 	44,500 	636	28 	25,800 	921	18,700
GTA	29,000 	17,000 	14.75 	0.70 (5.0 %)     	95 	34,300 	361	27 	22,300 	826	12,000
GTN	635,500 	448,700 	17.20 	0.55 (3.3 %)     	552 	1,112,400 	2,015	624 	925,600 	1,483	186,800
GVR	3,316,200 	3,665,200 	25.35 	0.65 (2.6 %)     	2,057 	6,725,300 	3,269	2,472 	7,074,300 	2,862	-349,000
HAG	3,591,400 	3,441,900 	5.24 	0.06 (1.2 %)     	1,145 	5,550,200 	4,847	1,010 	5,400,700 	5,347	149,500
HAH	1,585,600 	1,934,600 	28.60 	-0.20 (-0.7 %)     	2,470 	3,351,500 	1,357	1,681 	3,700,500 	2,201	-349,000
HAI	3,305,700 	4,728,000 	4.85 	0.12 (2.5 %)     	1,308 	5,988,000 	4,578	1,002 	7,410,300 	7,396	-1,422,300
HAP	2,345,800 	2,403,300 	12.70 	0.10 (0.8 %)     	520 	4,510,300 	8,674	465 	4,567,800 	9,823	-57,500
HAR	408,600 	877,400 	4.92 	0.06 (1.2 %)     	477 	929,600 	1,949	340 	1,398,400 	4,113	-468,800
HAS	5,900 	9,700 	14.00 	0.00 (0.0 %)     	3 	6,900 	2,300	11 	10,700 	973	-3,800
HAX	1,600,200 	299,900 	24.42 	-5.28 (-17.8 %)     	1,719 	2,914,100 	1,695	575 	1,613,800 	2,807	1,300,300
HBC	3,851,000 	4,069,100 	14.75 	0.10 (0.7 %)     	2,492 	8,330,200 	3,343	2,649 	8,548,300 	3,227	-218,100
HCD	1,145,800 	543,100 	4.62 	-0.08 (-1.7 %)     	458 	1,708,400 	3,730	278 	1,105,700 	3,977	602,700
HCM	3,903,800 	7,503,200 	36.20 	-0.80 (-2.2 %)     	5,299 	9,639,200 	1,819	3,978 	13,238,600 	3,328	-3,599,400
HDB	5,141,300 	5,921,500 	31.90 	-0.10 (-0.3 %)     	5,052 	10,886,500 	2,155	3,612 	11,666,700 	3,230	-780,200
HDC	1,364,600 	934,500 	45.30 	1.90 (4.4 %)     	1,333 	2,910,600 	2,183	1,389 	2,480,500 	1,786	430,100
HDG	1,353,000 	1,438,800 	41.95 	1.15 (2.8 %)     	1,202 	2,627,000 	2,186	1,367 	2,712,800 	1,984	-85,800
HHP	189,300 	310,900 	11.30 	-0.05 (-0.4 %)     	223 	426,900 	1,914	169 	548,500 	3,246	-121,600
HHS	2,460,400 	2,556,300 	6.71 	0.01 (0.1 %)     	1,218 	4,421,600 	3,630	1,077 	4,517,500 	4,195	-95,900
HID	436,600 	298,900 	4.47 	0.12 (2.8 %)     	320 	1,000,700 	3,127	172 	863,000 	5,017	137,700
HII	149,900 	71,700 	20.20 	0.40 (2.0 %)     	136 	550,700 	4,049	120 	472,500 	3,938	78,200
HMC	140,400 	239,200 	24.10 	0.50 (2.1 %)     	244 	333,300 	1,366	285 	432,100 	1,516	-98,800
HNG	3,941,900 	5,535,500 	10.55 	-0.05 (-0.5 %)     	3,395 	9,493,100 	2,796	2,088 	11,086,700 	5,310	-1,593,600
HOT	7,000 	0 	27.05 	-1.00 (-3.6 %)     	13 	7,100 	546	1 	100 	100	7,000
HPG	12,603,300 	14,763,400 	65.60 	-1.00 (-1.5 %)     	22,173 	35,555,200 	1,604	12,662 	37,715,300 	2,979	-2,160,100
HPX	427,900 	309,600 	36.65 	0.75 (2.1 %)     	203 	1,452,200 	7,154	149 	1,333,900 	8,952	118,300
HQC	14,752,200 	11,142,600 	3.60 	0.08 (2.3 %)     	3,966 	25,579,800 	6,450	2,975 	21,970,200 	7,385	3,609,600
HRC	3,000 	5,100 	70.00 	0.00 (0.0 %)     	1 	3,000 	3,000	2 	5,100 	2,550	-2,100
HSG	11,931,400 	8,340,900 	37.90 	-0.15 (-0.4 %)     	9,674 	22,674,300 	2,344	5,544 	19,083,800 	3,442	3,590,500
HSL	185,000 	153,400 	6.80 	0.00 (0.0 %)     	134 	275,700 	2,057	93 	244,100 	2,625	31,600
HT1	733,800 	767,100 	15.35 	0.25 (1.7 %)     	706 	1,294,600 	1,834	596 	1,327,900 	2,228	-33,300
HTI	54,800 	86,100 	16.40 	0.20 (1.2 %)     	74 	75,900 	1,026	71 	107,200 	1,510	-31,300
HTL	11,800 	16,200 	17.50 	-0.50 (-2.8 %)     	24 	17,100 	713	19 	21,500 	1,132	-4,400
HTN	294,600 	88,200 	36.60 	2.05 (5.9 %)     	629 	507,300 	807	174 	300,900 	1,729	206,400
HTV	6,200 	10,900 	14.30 	0.10 (0.7 %)     	6 	10,800 	1,800	12 	15,500 	1,292	-4,700
HU1	6,400 	13,800 	9.68 	0.58 (6.4 %)     	7 	6,500 	929	9 	13,900 	1,544	-7,400
HU3	2,800 	9,100 	8.00 	0.00 (0.0 %)     	3 	2,800 	933	5 	9,100 	1,820	-6,300
HUB	6,200 	61,400 	26.00 	1.55 (6.3 %)     	10 	8,600 	860	43 	63,800 	1,484	-55,200
HVH	140,700 	259,600 	10.00 	0.00 (0.0 %)     	145 	282,400 	1,948	155 	401,300 	2,589	-118,900
HVN	1,415,000 	781,900 	26.75 	0.85 (3.3 %)     	2,240 	2,518,900 	1,125	1,189 	1,885,800 	1,586	633,100
HVX	46,500 	9,600 	4.50 	-0.10 (-2.2 %)     	49 	60,800 	1,241	24 	23,900 	996	36,900
IBC	55,100 	53,700 	23.00 	0.00 (0.0 %)     	46 	140,800 	3,061	74 	139,400 	1,884	1,400
ICT	162,000 	45,600 	18.15 	0.50 (2.8 %)     	160 	211,900 	1,324	97 	95,500 	985	116,400
IDI	2,044,900 	863,300 	6.30 	0.40 (6.8 %)     	840 	4,067,800 	4,843	743 	2,886,200 	3,885	1,181,600
IJC	2,082,300 	2,491,100 	26.50 	0.40 (1.5 %)     	1,843 	5,087,100 	2,760	1,532 	5,495,900 	3,587	-408,800
ILB	134,500 	36,600 	23.35 	0.15 (0.6 %)     	135 	210,800 	1,561	73 	112,900 	1,547	97,900
IMP	60,100 	116,800 	72.50 	1.40 (2.0 %)     	46 	131,200 	2,852	99 	187,900 	1,898	-56,700
ITA	11,948,200 	11,537,200 	7.15 	0.29 (4.2 %)     	4,423 	23,736,900 	5,367	4,060 	23,325,900 	5,745	411,000
ITC	58,800 	33,000 	14.00 	0.00 (0.0 %)     	81 	106,700 	1,317	57 	80,900 	1,419	25,800
ITD	90,300 	48,700 	13.45 	0.55 (4.3 %)     	152 	164,300 	1,081	106 	122,700 	1,158	41,600
JVC	888,000 	791,800 	4.39 	0.04 (0.9 %)     	670 	1,587,000 	2,369	570 	1,490,800 	2,615	96,200
KBC	7,504,300 	3,025,000 	32.80 	2.10 (6.8 %)     	6,585 	14,785,600 	2,245	4,076 	10,306,300 	2,529	4,479,300
KDC	279,600 	149,800 	51.20 	0.10 (0.2 %)     	357 	1,374,700 	3,851	262 	1,244,900 	4,752	129,800
KDH	2,842,600 	3,326,200 	37.40 	0.90 (2.5 %)     	2,616 	7,351,900 	2,810	1,920 	7,835,500 	4,081	-483,600
KHP	68,400 	298,700 	6.75 	0.05 (0.7 %)     	84 	145,100 	1,727	100 	375,400 	3,754	-230,300
KMR	2,829,500 	0 	6.13 	0.40 (7.0 %)     	495 	3,913,200 	7,905	121 	1,083,700 	8,956	2,829,500
KOS	9,200 	82,800 	25.40 	0.05 (0.2 %)     	74 	233,200 	3,151	61 	306,800 	5,030	-73,600
KPF	7,900 	35,400 	11.40 	0.10 (0.9 %)     	25 	9,800 	392	20 	37,300 	1,865	-27,500
KSB	1,813,900 	1,045,200 	27.90 	1.35 (5.1 %)     	1,161 	3,359,300 	2,893	1,762 	2,590,600 	1,470	768,700
L10	18,700 	0 	16.70 	1.05 (6.7 %)     	21 	18,900 	900	2 	200 	100	18,700
LBM	2,700 	3,300 	59.50 	-0.30 (-0.5 %)     	8 	2,900 	363	12 	3,500 	292	-600
LCG	3,856,400 	204,200 	11.85 	0.75 (6.8 %)     	1,982 	5,343,100 	2,696	788 	1,690,900 	2,146	3,652,200
LCM	475,800 	249,800 	2.49 	-0.01 (-0.4 %)     	80 	549,400 	6,868	62 	323,400 	5,216	226,000
LDG	7,124,300 	2,652,800 	7.10 	0.46 (6.9 %)     	3,833 	13,412,900 	3,499	2,253 	8,941,400 	3,969	4,471,500
LEC	1,800 	10,100 	13.10 	0.75 (6.1 %)     	6 	1,900 	317	14 	10,200 	729	-8,300
LGC	0 	2,100 	58.20 	0.00 (0.0 %)     	0 	0 	NaN	9 	2,100 	233	-2,100
LGL	39,200 	80,600 	6.18 	0.02 (0.3 %)     	46 	79,600 	1,730	59 	121,000 	2,051	-41,400
LHG	631,100 	393,700 	41.00 	1.70 (4.3 %)     	1,021 	1,352,800 	1,325	658 	1,115,400 	1,695	237,400
LIX	55,200 	54,400 	57.10 	-0.20 (-0.3 %)     	76 	128,800 	1,695	137 	128,000 	934	800
LM8	3,500 	7,500 	11.05 	-0.35 (-3.1 %)     	9 	3,600 	400	19 	7,600 	400	-4,000
LPB	11,096,300 	17,515,700 	23.50 	0.00 (0.0 %)     	11,447 	25,647,100 	2,241	6,830 	32,066,500 	4,695	-6,419,400
LSS	1,387,300 	705,300 	10.40 	0.30 (3.0 %)     	896 	1,969,400 	2,198	542 	1,287,400 	2,375	682,000
MBB	21,359,400 	18,872,600 	34.65 	0.15 (0.4 %)     	17,685 	41,241,700 	2,332	13,214 	38,754,900 	2,933	2,486,800
MCG	244,800 	59,000 	3.12 	0.12 (4.0 %)     	69 	289,200 	4,191	88 	103,400 	1,175	185,800
MCP	2,000 	100 	25.50 	-1.30 (-4.9 %)     	7 	27,000 	3,857	5 	25,100 	5,020	1,900
MDG	13,600 	16,500 	13.00 	0.60 (4.8 %)     	13 	50,800 	3,908	15 	53,700 	3,580	-2,900
MHC	1,087,600 	1,815,800 	12.00 	0.25 (2.1 %)     	515 	3,111,400 	6,042	613 	3,839,600 	6,264	-728,200
MIG	212,300 	135,700 	16.40 	0.00 (0.0 %)     	190 	346,200 	1,822	161 	269,600 	1,675	76,600
MSB	5,125,200 	12,524,000 	24.95 	0.10 (0.4 %)     	6,863 	15,170,700 	2,211	6,626 	22,569,500 	3,406	-7,398,800
MSH	192,500 	74,800 	51.10 	1.00 (2.0 %)     	218 	261,600 	1,200	204 	143,900 	705	117,700
MSN	1,652,100 	1,935,100 	111.90 	-1.70 (-1.5 %)     	2,877 	4,236,500 	1,473	2,552 	4,519,500 	1,771	-283,000
MWG	1,050,300 	1,121,000 	145.40 	-4.60 (-3.1 %)     	1,919 	2,029,900 	1,058	1,690 	2,100,600 	1,243	-70,700
NAF	573,400 	814,400 	27.25 	-0.05 (-0.2 %)     	480 	1,843,500 	3,841	415 	2,084,500 	5,023	-241,000
NAV	5,900 	2,900 	18.00 	-0.25 (-1.4 %)     	10 	6,600 	660	15 	3,600 	240	3,000
NBB	10,900 	22,200 	26.50 	-0.65 (-2.4 %)     	20 	22,600 	1,130	15 	33,900 	2,260	-11,300
NCT	36,700 	7,500 	70.00 	0.30 (0.4 %)     	67 	47,000 	701	29 	17,800 	614	29,200
NHA	156,000 	116,100 	27.95 	-2.65 (-8.7 %)     	326 	234,800 	720	135 	194,900 	1,444	39,900
NHH	88,100 	19,800 	61.50 	1.90 (3.2 %)     	201 	529,600 	2,635	98 	461,300 	4,707	68,300
NKG	5,943,000 	2,628,900 	30.50 	-0.40 (-1.3 %)     	3,356 	9,464,900 	2,820	2,606 	6,150,800 	2,360	3,314,100
NLG	2,292,600 	1,334,800 	37.05 	0.15 (0.4 %)     	2,403 	5,096,400 	2,121	1,048 	4,138,600 	3,949	957,800
NNC	62,100 	116,000 	25.10 	-0.90 (-3.5 %)     	160 	116,200 	726	107 	170,100 	1,590	-53,900
NT2	816,400 	310,600 	18.75 	-0.15 (-0.8 %)     	866 	1,452,100 	1,677	274 	946,300 	3,454	505,800
NTL	721,200 	765,300 	24.60 	0.35 (1.4 %)     	808 	1,235,000 	1,528	656 	1,279,100 	1,950	-44,100
NVL	769,800 	1,418,500 	137.30 	-3.70 (-2.6 %)     	967 	1,861,900 	1,925	875 	2,510,600 	2,869	-648,700
NVT	19,200 	48,900 	8.61 	-0.59 (-6.4 %)     	28 	68,200 	2,436	55 	97,900 	1,780	-29,700
OCB	6,971,000 	11,521,800 	26.25 	0.35 (1.4 %)     	7,740 	15,366,800 	1,985	6,263 	19,917,600 	3,180	-4,550,800
OGC	667,400 	455,400 	6.03 	0.20 (3.4 %)     	463 	1,193,500 	2,578	417 	981,500 	2,354	212,000
OPC	6,000 	49,100 	65.20 	0.00 (0.0 %)     	8 	6,000 	750	7 	49,100 	7,014	-43,100
PAC	29,900 	27,600 	34.65 	0.00 (0.0 %)     	28 	44,100 	1,575	33 	41,800 	1,267	2,300
PC1	915,100 	522,700 	25.20 	0.75 (3.1 %)     	543 	1,659,300 	3,056	558 	1,266,900 	2,270	392,400
PDN	800 	3,600 	78.10 	0.00 (0.0 %)     	7 	800 	114	6 	3,600 	600	-2,800
PDR	2,395,200 	1,079,500 	76.00 	3.00 (4.1 %)     	1,801 	8,204,900 	4,556	1,956 	6,889,200 	3,522	1,315,700
PET	1,679,800 	1,264,300 	20.15 	0.35 (1.8 %)     	1,229 	3,014,500 	2,453	1,087 	2,599,000 	2,391	415,500
PGC	18,900 	45,500 	16.40 	-0.20 (-1.2 %)     	69 	45,100 	654	69 	71,700 	1,039	-26,600
PGD	88,400 	3,400 	28.00 	0.10 (0.4 %)     	25 	91,100 	3,644	17 	6,100 	359	85,000
PGI	20,500 	15,200 	20.10 	0.00 (0.0 %)     	9 	28,400 	3,156	12 	23,100 	1,925	5,300
PHC	238,100 	200,700 	15.50 	0.05 (0.3 %)     	225 	738,500 	3,282	128 	701,100 	5,477	37,400
PHR	533,600 	927,400 	51.50 	1.10 (2.2 %)     	840 	1,070,700 	1,275	846 	1,464,500 	1,731	-393,800
PIT	8,100 	14,900 	5.89 	-0.01 (-0.2 %)     	18 	18,900 	1,050	23 	25,700 	1,117	-6,800
PJT	2,100 	8,900 	12.15 	0.00 (0.0 %)     	4 	2,100 	525	6 	8,900 	1,483	-6,800
PLP	212,300 	267,400 	9.20 	0.01 (0.1 %)     	231 	761,000 	3,294	199 	816,100 	4,101	-55,100
PLX	8,046,000 	1,148,800 	57.40 	3.00 (5.5 %)     	1,255 	10,294,400 	8,203	1,746 	3,397,200 	1,946	6,897,200
PME	3,600 	8,100 	79.00 	0.10 (0.1 %)     	10 	5,100 	510	23 	9,600 	417	-4,500
PMG	1,500 	18,300 	22.50 	-0.50 (-2.2 %)     	14 	3,100 	221	26 	19,900 	765	-16,800
PNC	4,400 	7,500 	9.50 	-0.10 (-1.0 %)     	13 	16,700 	1,285	14 	19,800 	1,414	-3,100
PNJ	363,700 	971,600 	101.80 	2.50 (2.5 %)     	1,187 	1,065,100 	897	1,403 	1,673,000 	1,192	-607,900
POM	753,300 	539,200 	17.50 	-0.40 (-2.2 %)     	992 	1,306,900 	1,317	602 	1,092,800 	1,815	214,100
POW	14,007,200 	14,115,700 	11.70 	0.25 (2.2 %)     	8,509 	24,080,400 	2,830	7,076 	24,188,900 	3,418	-108,500
PPC	284,300 	125,400 	23.60 	0.40 (1.7 %)     	399 	408,400 	1,024	189 	249,500 	1,320	158,900
PSH	228,800 	641,700 	25.80 	1.00 (4.0 %)     	203 	1,271,300 	6,263	204 	1,684,200 	8,256	-412,900
PTB	362,800 	336,600 	88.10 	3.60 (4.3 %)     	807 	699,400 	867	581 	673,200 	1,159	26,200
PTC	7,100 	1,000 	9.82 	0.64 (7.0 %)     	12 	7,600 	633	3 	1,500 	500	6,100
PTL	164,400 	20,300 	5.59 	-0.03 (-0.5 %)     	35 	170,200 	4,863	27 	26,100 	967	144,100
PVD	4,826,900 	5,603,600 	19.50 	0.15 (0.8 %)     	4,268 	10,015,100 	2,347	3,387 	10,791,800 	3,186	-776,700
PVT	3,727,400 	2,822,600 	16.60 	0.45 (2.8 %)     	1,762 	7,332,600 	4,162	2,348 	6,427,800 	2,738	904,800
PXI	39,800 	24,700 	3.60 	0.01 (0.3 %)     	49 	54,200 	1,106	35 	39,100 	1,117	15,100
PXS	626,800 	262,000 	6.14 	0.39 (6.8 %)     	558 	1,229,100 	2,203	277 	864,300 	3,120	364,800
PXT	635,500 	78,000 	2.35 	0.15 (6.8 %)     	325 	937,600 	2,885	200 	380,100 	1,901	557,500
QCG	758,600 	704,400 	7.60 	0.10 (1.3 %)     	368 	1,292,700 	3,513	316 	1,238,500 	3,919	54,200
RAL	10,700 	11,700 	232.00 	-0.90 (-0.4 %)     	71 	17,300 	244	62 	18,300 	295	-1,000
RDP	39,100 	33,700 	8.80 	-0.10 (-1.1 %)     	103 	78,600 	763	92 	73,200 	796	5,400
REE	660,900 	803,300 	58.00 	-0.40 (-0.7 %)     	1,361 	1,483,500 	1,090	1,231 	1,625,900 	1,321	-142,400
RIC	47,400 	44,400 	17.20 	-0.20 (-1.1 %)     	93 	58,900 	633	67 	55,900 	834	3,000
ROS	24,026,500 	22,782,600 	6.85 	0.04 (0.6 %)     	8,933 	37,342,200 	4,180	4,350 	36,098,300 	8,298	1,243,900
S4A	11,700 	50,500 	26.90 	-0.10 (-0.4 %)     	17 	12,700 	747	9 	51,500 	5,722	-38,800
SAB	332,800 	118,400 	150.20 	-1.90 (-1.2 %)     	495 	503,300 	1,017	289 	288,900 	1,000	214,400
SAM	153,900 	170,300 	10.10 	0.11 (1.1 %)     	170 	336,100 	1,977	168 	352,500 	2,098	-16,400
SAV	11,400 	48,600 	24.90 	0.00 (0.0 %)     	40 	16,900 	423	38 	54,100 	1,424	-37,200
SBA	18,900 	121,000 	16.00 	0.10 (0.6 %)     	29 	33,400 	1,152	35 	135,500 	3,871	-102,100
SBT	2,446,300 	2,029,400 	19.90 	0.60 (3.1 %)     	1,490 	4,655,100 	3,124	1,873 	4,238,200 	2,263	416,900
SBV	136,700 	124,800 	13.70 	0.00 (0.0 %)     	188 	263,000 	1,399	78 	251,100 	3,219	11,900
SC5	2,400 	600 	23.50 	1.50 (6.8 %)     	7 	3,800 	543	4 	2,000 	500	1,800
SCD	1,600 	34,400 	20.60 	-1.40 (-6.4 %)     	15 	3,200 	213	26 	36,000 	1,385	-32,800
SCR	10,743,000 	556,100 	8.30 	0.54 (7.0 %)     	1,862 	17,101,100 	9,184	1,156 	6,914,200 	5,981	10,186,900
SCS	19,300 	77,300 	129.10 	1.60 (1.3 %)     	171 	78,800 	461	112 	136,800 	1,221	-58,000
SFC	5,000 	100 	23.90 	0.00 (0.0 %)     	6 	5,000 	833	1 	100 	100	4,900
SFG	35,700 	140,800 	8.44 	0.44 (5.5 %)     	43 	45,000 	1,047	34 	150,100 	4,415	-105,100
SFI	20,900 	72,100 	36.60 	-0.40 (-1.1 %)     	22 	41,100 	1,868	28 	92,300 	3,296	-51,200
SGN	10,800 	22,400 	66.20 	0.00 (0.0 %)     	25 	16,300 	652	34 	27,900 	821	-11,600
SGR	70,700 	38,400 	27.60 	0.95 (3.6 %)     	158 	121,700 	770	72 	89,400 	1,242	32,300
SGT	41,900 	111,100 	16.00 	-1.00 (-5.9 %)     	31 	83,600 	2,697	37 	152,800 	4,130	-69,200
SHA	190,300 	147,800 	5.96 	0.06 (1.0 %)     	148 	299,000 	2,020	66 	256,500 	3,886	42,500
SHI	2,279,400 	761,000 	28.20 	0.55 (2.0 %)     	743 	4,114,100 	5,537	343 	2,595,700 	7,568	1,518,400
SHP	13,400 	11,800 	21.50 	0.00 (0.0 %)     	9 	18,600 	2,067	19 	17,000 	895	1,600
SII	6,000 	7,400 	16.85 	-0.15 (-0.9 %)     	10 	6,200 	620	9 	7,600 	844	-1,400
SJD	80,800 	95,600 	17.05 	0.05 (0.3 %)     	87 	99,400 	1,143	34 	114,200 	3,359	-14,800
SJF	1,953,600 	1,861,200 	3.74 	0.04 (1.1 %)     	660 	3,954,900 	5,992	957 	3,862,500 	4,036	92,400
SJS	144,200 	232,600 	56.00 	0.40 (0.7 %)     	248 	314,900 	1,270	277 	403,300 	1,456	-88,400
SKG	544,000 	416,300 	11.00 	0.15 (1.4 %)     	408 	928,400 	2,275	285 	800,700 	2,809	127,700
SMA	23,700 	300 	7.87 	0.50 (6.8 %)     	13 	27,800 	2,138	8 	4,400 	550	23,400
SMB	5,100 	33,000 	40.00 	0.00 (0.0 %)     	37 	42,900 	1,159	64 	70,800 	1,106	-27,900
SMC	1,285,800 	718,600 	38.60 	-0.90 (-2.3 %)     	1,434 	1,999,300 	1,394	777 	1,432,100 	1,843	567,200
SPM	7,800 	8,600 	13.00 	0.00 (0.0 %)     	15 	11,000 	733	13 	11,800 	908	-800
SRC	39,800 	25,500 	18.70 	0.20 (1.1 %)     	62 	78,500 	1,266	51 	64,200 	1,259	14,300
SRF	14,500 	58,200 	13.10 	0.30 (2.3 %)     	20 	32,300 	1,615	20 	76,000 	3,800	-43,700
SSB	914,900 	636,300 	32.00 	0.25 (0.8 %)     	753 	5,187,600 	6,889	518 	4,909,000 	9,477	278,600
SSI	19,808,200 	19,788,300 	39.00 	0.50 (1.3 %)     	12,638 	35,744,800 	2,828	12,496 	35,724,900 	2,859	19,900
ST8	43,200 	13,300 	12.00 	0.00 (0.0 %)     	27 	54,000 	2,000	18 	24,100 	1,339	29,900
STB	33,901,500 	46,543,000 	28.85 	-0.55 (-1.9 %)     	20,056 	79,694,300 	3,974	18,035 	92,335,800 	5,120	-12,641,500
STG	4,700 	67,600 	15.90 	0.30 (1.9 %)     	16 	5,900 	369	23 	68,800 	2,991	-62,900
STK	101,500 	66,800 	31.95 	0.05 (0.2 %)     	160 	147,500 	922	121 	112,800 	932	34,700
SVC	200 	9,900 	79.80 	-0.20 (-0.3 %)     	2 	500 	250	16 	10,200 	638	-9,700
SVD	1,167,400 	231,200 	7.99 	0.09 (1.1 %)     	281 	1,298,000 	4,619	163 	361,800 	2,220	936,200
SVI	400 	3,300 	82.40 	0.00 (0.0 %)     	2 	400 	200	14 	3,300 	236	-2,900
SVT	4,000 	7,500 	16.50 	-0.80 (-4.6 %)     	8 	4,600 	575	11 	8,100 	736	-3,500
SZC	1,439,200 	197,200 	34.45 	2.25 (7.0 %)     	977 	2,287,700 	2,342	744 	1,045,700 	1,406	1,242,000
SZL	18,500 	18,700 	50.00 	0.00 (0.0 %)     	46 	29,800 	648	39 	30,000 	769	-200
TAC	14,500 	12,300 	57.00 	-0.80 (-1.4 %)     	75 	21,300 	284	63 	19,100 	303	2,200
TBC	21,800 	17,600 	28.00 	0.45 (1.6 %)     	25 	24,100 	964	15 	19,900 	1,327	4,200
TCB	13,327,300 	9,594,100 	50.80 	0.60 (1.2 %)     	11,461 	32,177,600 	2,808	7,921 	28,444,400 	3,591	3,733,200
TCD	25,200 	113,700 	12.80 	-0.10 (-0.8 %)     	53 	50,800 	958	77 	139,300 	1,809	-88,500
TCH	6,624,600 	4,916,000 	22.50 	0.55 (2.5 %)     	3,358 	11,683,800 	3,479	2,970 	9,975,200 	3,359	1,708,600
TCL	368,900 	344,600 	31.60 	1.50 (5.0 %)     	413 	676,000 	1,637	554 	651,700 	1,176	24,300
TCM	103,700 	195,600 	92.50 	5.00 (5.7 %)     	279 	298,500 	1,070	256 	390,400 	1,525	-91,900
TCO	29,900 	4,000 	12.80 	0.00 (0.0 %)     	6 	55,000 	9,167	7 	29,100 	4,157	25,900
TCR	21,200 	35,900 	4.57 	-0.03 (-0.7 %)     	13 	21,900 	1,685	30 	36,600 	1,220	-14,700
TCT	25,000 	33,200 	26.00 	0.00 (0.0 %)     	63 	34,100 	541	41 	42,300 	1,032	-8,200
TDC	1,385,100 	680,100 	17.40 	0.30 (1.8 %)     	1,103 	2,795,500 	2,534	660 	2,090,500 	3,167	705,000
TDG	180,800 	433,300 	4.06 	-0.02 (-0.5 %)     	221 	499,000 	2,258	272 	751,500 	2,763	-252,500
TDH	984,500 	3,155,600 	7.59 	-0.17 (-2.2 %)     	696 	2,702,300 	3,883	1,538 	4,873,400 	3,169	-2,171,100
TDM	178,700 	235,400 	27.00 	0.50 (1.9 %)     	239 	459,100 	1,921	526 	515,800 	981	-56,700
TDP	11,000 	22,500 	27.00 	-0.10 (-0.4 %)     	42 	140,300 	3,340	40 	151,800 	3,795	-11,500
TDW	700 	500 	34.25 	2.20 (6.9 %)     	4 	800 	200	2 	600 	300	200
TEG	104,700 	28,600 	14.00 	0.20 (1.4 %)     	38 	165,700 	4,361	32 	89,600 	2,800	76,100
TGG	780,900 	971,600 	5.20 	0.00 (0.0 %)     	292 	1,195,700 	4,095	342 	1,386,400 	4,054	-190,700
THG	34,300 	10,700 	77.70 	0.20 (0.3 %)     	90 	54,500 	606	39 	30,900 	792	23,600
TIP	107,000 	70,400 	41.95 	0.75 (1.8 %)     	282 	203,400 	721	154 	166,800 	1,083	36,600
TIX	800 	4,000 	29.50 	-1.00 (-3.3 %)     	9 	1,000 	111	5 	4,200 	840	-3,200
TLD	837,200 	508,800 	6.05 	0.20 (3.4 %)     	720 	1,372,600 	1,906	413 	1,044,200 	2,528	328,400
TLG	191,500 	37,300 	37.30 	2.40 (6.9 %)     	232 	353,600 	1,524	203 	199,400 	982	154,200
TLH	3,247,100 	2,562,800 	17.85 	-0.45 (-2.5 %)     	3,354 	5,878,900 	1,753	2,021 	5,194,600 	2,570	684,300
TMP	8,200 	28,400 	42.85 	-0.05 (-0.1 %)     	15 	17,200 	1,147	16 	37,400 	2,338	-20,200
TMS	19,500 	39,700 	45.00 	-2.00 (-4.3 %)     	125 	55,000 	440	99 	75,200 	760	-20,200
TMT	29,700 	33,700 	8.90 	-0.20 (-2.2 %)     	39 	38,400 	985	33 	42,400 	1,285	-4,000
TN1	4,900 	5,600 	52.00 	-0.60 (-1.1 %)     	10 	9,700 	970	9 	10,400 	1,156	-700
TNA	235,700 	102,100 	12.30 	0.15 (1.2 %)     	172 	335,700 	1,952	157 	202,100 	1,287	133,600
TNC	3,200 	300 	30.00 	1.90 (6.8 %)     	4 	3,400 	850	2 	500 	250	2,900
TNH	136,800 	39,500 	25.85 	-0.05 (-0.2 %)     	252 	222,100 	881	105 	124,800 	1,189	97,300
TNI	1,452,500 	1,466,700 	3.86 	-0.01 (-0.3 %)     	820 	2,825,500 	3,446	679 	2,839,700 	4,182	-14,200
TNT	145,000 	143,700 	7.40 	-0.08 (-1.1 %)     	92 	202,700 	2,203	53 	201,400 	3,800	1,300
TPB	4,447,700 	5,486,600 	33.00 	0.00 (0.0 %)     	3,796 	10,655,300 	2,807	3,632 	11,694,200 	3,220	-1,038,900
TPC	5,400 	4,400 	8.62 	0.01 (0.1 %)     	18 	5,800 	322	18 	4,800 	267	1,000
TRA	3,900 	14,300 	66.50 	-1.00 (-1.5 %)     	38 	6,000 	158	43 	16,400 	381	-10,400
TRC	3,400 	16,000 	36.50 	-0.90 (-2.4 %)     	14 	3,600 	257	23 	16,200 	704	-12,600
TS4	5,400 	56,600 	4.04 	0.06 (1.5 %)     	24 	15,800 	658	35 	67,000 	1,914	-51,200
TSC	5,225,600 	3,634,600 	15.10 	0.00 (0.0 %)     	2,187 	9,198,500 	4,206	1,164 	7,607,500 	6,536	1,591,000
TTA	671,000 	1,020,000 	14.50 	0.20 (1.4 %)     	428 	1,683,000 	3,932	463 	2,032,000 	4,389	-349,000
TTB	882,000 	1,560,200 	6.55 	0.00 (0.0 %)     	627 	1,685,100 	2,688	571 	2,363,300 	4,139	-678,200
TTE	1,200 	2,000 	9.83 	0.00 (0.0 %)     	4 	1,300 	325	2 	2,100 	1,050	-800
TTF	7,969,900 	6,222,700 	6.78 	0.25 (3.8 %)     	4,138 	15,058,200 	3,639	2,937 	13,311,000 	4,532	1,747,200
TV2	381,400 	80,100 	49.50 	0.85 (1.7 %)     	439 	520,800 	1,186	175 	219,500 	1,254	301,300
TVS	145,400 	135,800 	19.95 	0.45 (2.3 %)     	126 	279,700 	2,220	107 	270,100 	2,524	9,600
TVT	18,600 	9,600 	25.45 	1.45 (6.0 %)     	32 	23,400 	731	11 	14,400 	1,309	9,000
TYA	90,700 	83,200 	16.45 	0.15 (0.9 %)     	58 	128,400 	2,214	79 	120,900 	1,530	7,500
UDC	36,100 	41,200 	6.14 	-0.01 (-0.2 %)     	37 	45,600 	1,232	30 	50,700 	1,690	-5,100
UIC	22,500 	17,100 	49.19 	-1.21 (-2.4 %)     	80 	27,700 	346	49 	22,300 	455	5,400
VAF	8,000 	0 	10.25 	0.63 (6.5 %)     	17 	9,600 	565	3 	1,600 	533	8,000
VCB	1,499,900 	2,876,500 	96.80 	-2.20 (-2.2 %)     	2,575 	2,959,100 	1,149	4,451 	4,335,700 	974	-1,376,600
VCF	1,800 	2,300 	236.00 	0.00 (0.0 %)     	12 	1,800 	150	7 	2,300 	329	-500
VCG	59,000 	133,500 	46.05 	-0.30 (-0.6 %)     	220 	309,500 	1,407	136 	384,000 	2,824	-74,500
VCI	1,303,300 	3,437,700 	73.70 	-0.20 (-0.3 %)     	2,222 	3,730,400 	1,679	2,291 	5,864,800 	2,560	-2,134,400
VDP	2,100 	15,100 	36.00 	-0.90 (-2.4 %)     	6 	2,300 	383	18 	15,300 	850	-13,000
VDS	966,500 	1,774,700 	15.80 	0.20 (1.3 %)     	1,063 	2,265,700 	2,131	1,008 	3,073,900 	3,050	-808,200
VGC	195,100 	235,200 	30.00 	-1.60 (-5.1 %)     	243 	506,300 	2,084	231 	546,400 	2,365	-40,100
VHC	2,166,200 	1,385,100 	39.50 	1.70 (4.5 %)     	1,838 	4,248,400 	2,311	2,163 	3,467,300 	1,603	781,100
VHM	5,052,800 	5,733,500 	103.90 	1.90 (1.9 %)     	4,582 	11,128,600 	2,429	8,238 	11,809,300 	1,434	-680,700
VIB	415,000 	867,200 	61.30 	-0.50 (-0.8 %)     	957 	1,617,400 	1,690	1,007 	2,069,600 	2,055	-452,200
VIC	1,186,800 	1,010,500 	122.50 	-0.40 (-0.3 %)     	3,649 	2,809,200 	770	4,609 	2,632,900 	571	176,300
VID	33,100 	32,900 	10.00 	0.04 (0.4 %)     	38 	49,400 	1,300	33 	49,200 	1,491	200
VIP	541,900 	580,800 	7.77 	-0.23 (-2.9 %)     	746 	1,281,600 	1,718	358 	1,320,500 	3,689	-38,900
VIS	73,700 	38,200 	19.30 	-0.90 (-4.5 %)     	170 	112,100 	659	74 	76,600 	1,035	35,500
VIX	2,049,200 	5,414,500 	26.80 	-1.10 (-3.9 %)     	3,528 	4,592,500 	1,302	3,049 	7,957,800 	2,610	-3,365,300
VJC	330,600 	64,900 	112.70 	1.70 (1.5 %)     	457 	660,200 	1,445	271 	394,500 	1,456	265,700
VMD	6,500 	8,500 	24.80 	-0.15 (-0.6 %)     	16 	7,100 	444	12 	9,100 	758	-2,000
VNE	260,100 	140,300 	6.45 	0.03 (0.5 %)     	267 	563,400 	2,110	146 	443,600 	3,038	119,800
VNG	81,600 	39,100 	12.10 	0.10 (0.8 %)     	180 	332,700 	1,848	102 	290,200 	2,845	42,500
VNL	1,300 	14,000 	18.70 	-0.80 (-4.1 %)     	14 	1,900 	136	12 	14,600 	1,217	-12,700
VNM	4,726,200 	3,695,000 	89.20 	1.20 (1.4 %)     	6,530 	8,669,000 	1,328	6,945 	7,637,800 	1,100	1,031,200
VNS	12,800 	1,000 	9.85 	0.14 (1.4 %)     	16 	13,300 	831	14 	1,500 	107	11,800
VOS	648,000 	1,699,400 	4.07 	0.05 (1.2 %)     	349 	1,517,200 	4,347	534 	2,568,600 	4,810	-1,051,400
VPB	18,777,400 	21,324,700 	67.80 	1.00 (1.5 %)     	9,643 	61,576,200 	6,386	6,109 	64,123,500 	10,497	-2,547,300
VPD	84,800 	39,400 	14.30 	0.05 (0.4 %)     	50 	101,500 	2,030	22 	56,100 	2,550	45,400
VPG	378,700 	368,400 	38.00 	-0.40 (-1.0 %)     	719 	718,100 	999	274 	707,800 	2,583	10,300
VPH	215,100 	174,300 	5.30 	0.10 (1.9 %)     	179 	515,500 	2,880	127 	474,700 	3,738	40,800
VPI	208,600 	783,400 	34.30 	-0.30 (-0.9 %)     	225 	1,989,400 	8,842	285 	2,564,200 	8,997	-574,800
VPS	60,000 	57,900 	15.70 	-0.30 (-1.9 %)     	72 	91,300 	1,268	61 	89,200 	1,462	2,100
VRC	731,500 	122,900 	7.71 	0.50 (6.9 %)     	492 	991,400 	2,015	215 	382,800 	1,780	608,600
VRE	8,459,600 	4,619,800 	30.35 	0.85 (2.9 %)     	7,309 	15,039,200 	2,058	5,756 	11,199,400 	1,946	3,839,800
VSC	124,500 	114,900 	52.40 	1.40 (2.7 %)     	273 	254,300 	932	245 	244,700 	999	9,600
VSH	48,200 	41,200 	19.40 	-0.05 (-0.3 %)     	42 	75,300 	1,793	61 	68,300 	1,120	7,000
VSI	31,000 	2,400 	21.00 	0.00 (0.0 %)     	6 	31,000 	5,167	3 	2,400 	800	28,600
VTB	10,000 	35,800 	12.15 	-0.05 (-0.4 %)     	18 	11,800 	656	33 	37,600 	1,139	-25,800
VTO	58,700 	49,900 	8.80 	-0.05 (-0.6 %)     	106 	89,900 	848	63 	81,100 	1,287	8,800
YBM	88,600 	115,100 	7.44 	-0.06 (-0.8 %)     	75 	119,300 	1,591	72 	145,800 	2,025	-26,500
YEG	272,000 	24,200 	21.80 	1.40 (6.9 %)     	258 	408,200 	1,582	145 	160,400 	1,106	247,800